22
20
20
95
447

0
3
19
107
616

1
2
20
114
1034

1
4
55
196
2586

0
5
49
268

1
3
23
284
4220

0
4
54
297

1
7
62
371

1
4
51
403

0
6
49
470

1
6
55
355
5517

0
4
56
323
4711

0
6
62
714

0
5
54
576

0
5
54
381

0
2
23
289
4473

0
5
65
712

0
5
54
417

1
4
67
405
5803

0
6
78
607

0
6
57
516

0
7
68
709

1
8
37
349
5820

0
5
67
690

1
7
82
823

0
7
81
768

1
8
73
667

0
7
72
575

0
7
67
554

0
10
57
684

0
6
59
782

1
7
82
791

1
7
74
772

0
6
63
647
10422

1
9
89
807

1
7
61
537

1
6
49
387
5693

0
6
51
311

0
5
44
249
3228

0
4
43
203
2613

0
3
18
238

0
2
28
210
2773

0
2
39
237
1614

0
6
41
139
1319

1
6
47
171
1829

0
5
43
146
1768

0
6
40
98
722

0
5
39
76
526

1
4
20
47
216
1197

0
3
11
40
80
319
1214

1
3
8
20
39
92
229
394

0
2
6
14
24
14
15
9
9
8
8
9
9
9
9
10
11
9
11
9
11
10
10
10
11
12
11
11

1
1
1
1
1
1
1
1
1
1
1
1
1
1
1
1
1
1
1
1
1
2
1
1
1
1
2
1
2
2

111

3

