1
7
56
431
3184

1
8
79
809
7320

1
8
94
1277
13333

1
14
218
2488
33459

1
17
247
3371

1
15
225
3518
53095

1
12
209
3566

1
15
227
4332

1
15
262
4914

1
17
300
5602

1
13
230
4211
65631

1
12
222
3729
55299

1
16
367
8078

1
13
296
6521

1
16
271
4269

1
14
252
3200
50014

1
16
356
7898

1
15
257
4523

1
13
262
4351
62765

1
16
302
6465

1
14
284
5487

1
17
389
7353

1
14
218
3623
58581

1
16
317
7076

1
19
444
7995

1
17
400
7576

1
15
330
6239

1
16
332
5576

1
17
336
5373

1
15
297
6472

1
15
309
7154

1
18
338
7235

1
17
303
6991

1
14
271
5786
93709

1
19
355
7268

1
16
256
4760

1
14
207
3435
50207

1
13
157
2656

1
10
130
2095
25128

1
9
112
1636
19936

1
12
147
1935

1
14
196
1868
22395

1
12
161
1273
13130

1
11
133
1043
10745

1
12
165
1319
14641

1
12
129
1190
12981

1
8
84
602
4909

1
8
75
544
3912

1
7
47
294
1822
10467

1
4
23
120
609
2800
11497

1
4
18
79
301
953
2561
5204

1
4
16
45
90
138
186
234
282
330
378
426
474
522
570
618
666
714
762
810
858
906
954
1002
1050
1098
1146
1194

1
2
4
6
8
10
12
14
16
18
20
22
24
26
28
30
32
34
36
38
40
42
44
46
48
50
52
54
56
58

1

1

