421
589
688
494
3857
608
884
1643
3036
545
799
531
942
934
1004
947
753
1014
876
1486
1963
2060
2281
1950
1870
1797
602
986
1080
3473
852
2141
3499
2211
2632
2567
4535
2435
2666
387
649
691
841
1060
792
874
721
934
1307
1325
1354
1332
1154
1140
3442
2854
2602
1110
1473
3246
5283
1707
4649
574
1016
777
711
945
876
688
657
3654
3292
2530
3923
3695
692
661
5958
672
843
850
5186
869
691
764
970
857
6517
4076
967
5976
1700
5593
430
1892
428
712
908
679
699
979
860
2472
893
1588
1173
5042
1580
8187
815
601
24122
114
530
857
503
675
746
1145
1098
2107
821
1761
817
2864
846
832
6291
1054
788
9091
494
488
1589
737
7734
305
770
1014
961
453
6779
792
4884
2879
636
3988
4565
99
561
563
6777
93
169
311
418
2002
4052
525
344
439
2787
2683
3974
8207
109
197
264
3565
423
819
777
485
1252
4961
6886
118
876
293
907
1163
678
7128
150
930
490
1075
932
1117
1048
1116
1019
709
1914
5738
6716
269
3888
285
4407
295
329
4482
261
315
6122
262
362
4905
1469
856
911
1357
736
756
839
840
1252
17805
117
576
512
385
618
641
722
1221
661
683
626
18398
112
114
217
303
6179
1021
259
315
5076
414
311
414
395
5550
348
395
8653
288
2202
397
428
423
395
5919
351
7025
439
454
5877
266
359
405
447
12254
105
230
284
3545
3484
230
1846
2967
995
3282
2047
2590
2283
1291
2409
2742
558
1717
494
1280
928
1474
3416
1160
4561
1122
876
3553
4528
1127
1160
860
578
328
73
44
35
31
37
