119
18
65
219

2
23
72
133
359

1
5
36
137
509

2
14
37
50
109
282

2
11
73
68
72
385
3246

2
14
37
23
98
434

1
11
41
24
30
185
592

1
13
37
48
58
346
1140

1
14
57
60
91
366
2447

2
16
39
30
74
384

2
22
54
79
78
564

2
19
33
22
33
422

2
44
38
38
65
755

2
31
60
77
42
722

2
25
59
78
116
724

2
25
54
23
158
685

2
20
45
40
73
573

2
25
56
20
124
787

3
29
38
26
54
726

2
31
54
73
56
1270

2
36
88
85
79
1673

2
43
93
86
99
1737

3
32
87
92
153
1914

2
34
72
93
137
1612

2
29
63
82
108
1586

2
32
53
74
176
1460

2
36
46
149
369

2
40
206
265
473

2
33
217
278
550

2
34
46
158
282
2951

2
51
138
236
425

2
30
101
123
267
1618

2
39
49
53
168
3188

2
38
50
50
159
1912

2
36
88
117
194
2195

3
42
83
106
161
2172

2
32
53
59
148
4241

1
31
46
69
135
2153

2
40
46
56
192
2330

3
49
64
79
192

2
51
278
318

2
36
93
214
346

3
42
103
230
463

3
36
207
271
543

2
36
122
208
424

3
51
183
205
432

3
45
292
381

2
49
149
214
520

2
38
255
339
673

2
47
254
338
684

2
49
271
344
688

3
47
248
335
699

2
49
229
305
569

3
42
231
289
575

2
52
116
138
316
2818

1
25
67
77
265
2419

3
41
92
108
244
2114

2
60
187
336
525

2
45
312
395
719

2
47
73
81
364
2679

2
47
56
63
288
4827

2
45
65
62
235
1298

3
53
74
89
306
4124

3
42
97
123
309

2
48
189
234
543

2
47
150
183
395

3
42
158
157
351

3
50
204
248
440

3
57
163
239
414

3
44
151
184
306

2
48
142
190
275

3
57
72
83
214
3225

3
43
77
85
202
2882

3
49
77
76
168
2157

3
39
115
138
241
3387

3
55
101
122
226
3188

1
24
143
176
348

2
41
125
155
338

3
54
74
86
306
5435

3
56
127
143
343

3
41
161
209
429

2
43
137
186
482

3
39
88
128
289
4639

3
60
130
179
497

3
43
95
102
448

3
52
119
133
457

3
44
168
226
529

3
46
164
200
444

3
59
94
115
389
5857

3
39
54
55
305
3620

3
63
198
218
485

3
45
45
56
391
5436

3
42
116
134
157
1248

3
39
44
47
283
5177

3
52
91
128
156

3
48
76
117
138
1510

2
61
64
61
240

3
62
95
128
424

2
42
95
133
636

2
48
108
133
388

3
51
104
152
389

3
51
150
152
623

3
55
123
169
510

3
45
254
181
1989

2
52
56
64
719

2
42
218
144
1182

3
68
141
169
792

3
49
218
218
4554

4
44
656
876

3
56
201
283
7644

3
52
760

3
46
241
311

4
51
71
103
142

3
111

2
95
433

3
98
756

3
89
116
295

3
107
565

3
106
63
574

3
106
1036

3
120
975

3
118
111
1875

3
123
76
619

3
111
97
1550

3
121
71
622

3
112
177
2572

3
110
66
667

3
117
67
645

3
118
233
5937

3
103
948

3
103
74
608

3
109
229
8750

3
100
391

3
109
376

3
101
110
1375

3
105
64
565

3
113
212
7406

3
95
207

3
92
675

3
90
921

3
102
66
790

3
90
360

3
97
241
6438

2
91
699

1
71
259
4553

1
76
137
2665

3
87
546

1
125
126
3736

3
84
91

3
96

3
88
470

0
65
498

2
72
152

3
90

1
82
86

3
112
196

2
102
314

3
88
70
1841

1
97
209
3745

3
90
432

3
112
229

4
112
323

2
88
95
2602

3
95
77
2508

3
98
97
3776

3
89
154

3
106

2
98
97

4
110
150

3
104
113
3345

2
97
324

2
105
712

3
109
665

3
105
377

3
104
66
1079

3
104
96
4758

3
102
118
6663

3
115

3
118
755

4
136
153

3
141
763

3
132
1028

5
144
529

3
124
186
6815

6
144

3
136
791

4
132
354

4
147
924

4
143
785

3
134
980

3
159
886

1
128
987

4
151
864

4
174
531

4
140
1770

3
138
158
5439

3
134
228
6351

4
145
120

3
137
97
3651

3
160
122

3
139
103
4162

4
139
152

3
149
177

4
160
132
4186

4
151
106

4
163
148

3
147
168
5804

5
143
114

4
152
206

4
133
114
4654

3
150
1316

1
135
720

3
132
776

4
120
1233

3
120
613

3
130
623

3
115
721

2
118
720

1
87
78
1086

3
110
523
17169

3
114

2
118
456

3
122
387

3
113
269

3
143
472

3
137
501

2
130
590

3
130
81
1007

3
125
533

2
128
553

3
118
505

3
118
439

3
109

3
111

3
121
93

2
114
187

2
115
190
5872

2
117
902

2
125
132

3
121
191

3
103
154
4816

3
90
321

4
115
192

1
118
295

4
118
273

1
95
207
5247

3
110
235

3
124
268

2
113
140
8398

3
121
164

1
100
115
1986

2
117
278

3
129
296

1
105
317

3
137
255

3
128
177
5611

3
127
221

2
119
209
6695

3
124
312

3
116
335

3
112
229
5533

2
102
162

3
116
240

3
114
288

3
122
322

1
89
268

2
103

1
101
128

2
107
175

1
75
115
3354

2
111
99
3272

2
75
153

2
85
93
1666

2
101
106
2758

2
97
52
844

0
60
125
3097

2
76
90
1879

2
97
99
2392

1
93
88
2101

2
84
60
1145

2
94
113
2200

1
91
62
2588

1
61
83
413

1
74
118
1524

1
58
22
413

1
52
28
292
907

1
54
28
271
574

1
45
12
49
288
1079

0
15
9
45
350
2997

1
33
11
150
965

1
57
15
186
599
3703

0
15
23
230
854

1
37
38
107
693

0
18
20
132
465
2918

1
40
18
85
544
3840

1
34
19
46
82
945

2
45
20
36
59
998

1
53
30
65
71
640

1
37
12
18
15
117
378

1
15
6
6
5
24
12
13
13
12
13
12
13
14
14
13
14
15
16
16
15
16
16
17
17

1
2
2
4
2
3
4
6
6
5
2
2
1
1
1
3
3
3
3
3
3
1
2
1
2
2
1
1
2
1

44

35

31

37

