1
8
68
456

1
9
67
310
1028

1
9
72
390
1614

1
9
47
123
335
818

1
8
73
166
168
1063
9496

1
11
51
81
314
1242

1
6
44
70
95
562
1977

1
9
50
181
187
971
3936

1
9
109
235
274
1166
7808

1
11
44
95
223
1106

1
16
118
304
267
1670

1
15
36
57
120
1255

1
19
71
133
246
2160

1
19
144
279
170
2116

1
19
107
259
458
2094

1
22
87
90
645
1961

1
16
83
150
297
1634

1
19
111
69
505
2268

1
20
66
104
179
1983

1
24
124
274
198
3517

1
27
200
321
263
4647

1
28
217
334
352
4651

1
30
222
340
597
5094

1
31
182
355
569
4435

1
30
152
320
339
4262

1
28
129
282
636
3935

1
34
102
560
1061

1
29
398
767
1573

1
32
541
1050
2044

1
35
104
545
894
7525

1
38
319
874
1737

1
29
242
457
985
4213

1
37
117
197
498
8384

1
34
103
172
495
4800

1
30
216
416
743
5628

1
30
206
392
645
5700

1
37
123
223
495
10957

1
44
118
234
431
5477

1
40
119
214
599
5887

1
38
149
268
636

1
37
664
1171

1
35
226
795
1162

1
36
245
834
1710

1
38
498
1004
2107

1
38
298
736
1452

1
39
350
753
1531

1
39
706
1379

1
38
351
768
1824

1
36
619
1202
2415

1
36
633
1222
2475

1
41
641
1225
2451

1
40
615
1176
2415

1
39
558
1077
2037

1
38
564
1024
2040

1
41
268
481
1061
6838

1
40
165
262
830
5876

1
40
217
386
823
5050

1
43
454
1150
2002

1
33
727
1421
2642

1
38
145
286
1183
6565

1
41
127
213
877
12113

1
39
153
217
707
3047

1
41
171
301
908
9850

1
40
239
412
991

1
42
449
828
1798

1
39
365
641
1343

1
43
382
557
1167

1
45
487
893
1597

1
45
374
681
1278

1
47
370
653
1144

1
46
353
644
1112

1
45
179
289
690
7556

1
47
193
299
644
6778

1
45
174
261
550
5137

1
45
270
487
877
8221

1
44
227
438
812
7713

1
44
337
618
1218

1
43
304
541
1139

1
43
185
303
1159
13114

1
43
269
497
1118

1
42
378
736
1477

1
39
323
645
1537

1
40
202
436
919
10527

1
38
267
572
1512

1
38
195
342
1217

1
39
263
447
1320

1
41
384
775
1717

1
41
372
701
1430

1
40
209
378
1146
13573

1
39
99
159
863
8474

1
39
432
745
1633

1
41
97
153
1416
12643

1
39
232
419
630
2961

1
40
96
152
909
12073

1
41
217
410
615

1
40
171
334
501
3582

1
41
122
201
647

1
44
209
401
1186

1
41
220
406
1661

1
40
217
420
1126

1
39
225
487
1164

1
40
321
483
1775

1
42
274
532
1486

1
40
552
578
5139

1
39
114
197
1828

1
38
387
429
2817

1
53
310
545
2188

1
51
477
682
10323

1
57
1467
2905

1
48
432
877
17083

1
49
1680

1
47
521
1003

1
52
141
269
403

1
98

1
84
960

1
82
1616

1
86
245
751

1
98
1210

1
96
133
1189

1
106
2224

1
110
1950

1
104
229
4012

1
104
139
1206

1
102
203
3293

1
102
141
1288

1
98
361
5407

1
104
139
1375

1
108
140
1312

1
98
478
12528

1
98
1951

1
98
137
1234

1
90
452
18284

1
96
684

1
102
753

1
92
205
2854

1
90
122
1133

1
84
434
13442

1
84
407

1
82
1080

1
80
1789

1
86
127
1336

1
82
718

1
74
475
12407

1
78
1388

1
78
477
8992

1
72
257
4912

1
74
1067

1
74
220
7318

1
72
180

1
72

1
76
922

1
78
969

1
76
303

1
78

1
92
168

1
90
381

1
94
602

1
74
137
3497

1
74
394
7205

1
76
815

1
82
431

1
74
615

1
76
182
4897

1
78
154
4724

1
76
198
7092

1
74
292

1
78

1
76
184

1
86
279

1
84
214
6145

1
80
601

1
84
1327

1
82
1229

1
82
696

1
80
114
1894

1
82
178
8537

1
88
217
12021

1
92

1
106
1357

1
118
268

1
114
1376

1
116
1845

1
120
931

1
108
326
12172

1
110

1
114
1378

1
120
610

1
118
1617

1
122
1387

1
118
1716

1
116
1551

1
118
1669

1
128
1501

1
130
914

1
122
3052

1
118
258
9346

1
116
377
10932

1
122
204

1
122
163
6075

1
128
207

1
118
165
6999

1
116
252

1
120
294

1
124
213
6967

1
126
166

1
132
252

1
128
279
9702

1
122
197

1
116
345

1
108
181
7787

1
110
2194

1
104
1156

1
100
1296

1
100
2002

1
90
1031

1
92
1030

1
90
1139

1
90
1192

1
90
132
1727

1
82
861
28188

1
88

1
88
756

1
86
638

1
84
438

1
90
768

1
98
799

1
92
949

1
94
135
1620

1
90
847

1
84
889

1
92
820

1
84
707

1
82

1
84

1
86
157

1
80
290

1
86
305
9409

1
80
1461

1
82
214

1
82
293

1
78
249
7693

1
80
514

1
88
307

1
92
450

1
88
434

1
88
336
8210

1
80
375

1
84
427

1
88
226
12285

1
84
250

1
84
193
3086

1
82
438

1
98
436

1
94
488

1
100
394

1
86
274
8665

1
88
346

1
88
330
10372

1
84
479

1
82
508

1
82
345
8425

1
78
251

1
78
337

1
74
434

1
74
477

1
72
405

1
68

1
66
198

1
62
257

1
58
166
4905

1
54
153
4776

1
56
228

1
48
145
2448

1
48
165
4039

1
48
88
1237

1
44
185
4558

1
42
139
2743

1
42
127
3489

1
40
135
3056

1
36
94
1659

1
46
175
3202

1
38
102
3756

1
30
116
607

1
28
176
2248

1
24
39
610

1
20
40
422
1358

1
20
41
410
859

1
12
15
61
438
2285

1
12
16
69
532
6799

1
12
15
226
1496

1
14
22
280
931
8207

1
14
36
340
1401

1
14
34
173
1148

1
16
33
208
774
3647

1
14
23
136
915
5017

1
8
17
66
140
2160

1
16
28
78
124
1885

1
14
39
114
139
1334

1
10
13
33
39
234
898

1
4
4
6
8
40
51
62
73
84
95
106
117
128
139
150
161
172
183
194
205
216
227
238
249

1
1
2
3
4
5
6
7
8
9
10
11
12
13
14
15
16
17
18
19
20
21
22
23
24
25
26
27
28
29

1

1

1

1

