114
10
6
16
35
109

1
1
6
30
59
125
413

0
1
5
12
123
188
434

0
1
1
7
18
69
154
843

1
2
5
48
57
211
1891

0
1
4
9
48
205
444

0
2
7
12
30
72
237
650

1
2
5
33
64
221
1140

0
2
13
29
80
89
507
1772

0
2
9
14
43
111
206
659

0
1
3
35
78
400
867

1
2
7
50
102
443
2260

1
2
7
14
49
75
574
2269

0
2
5
22
73
416
268
1066

0
1
1
7
67
502
482

1
2
6
32
137
572
900

0
3
9
37
271
1057

1
4
8
29
190
956

0
3
8
44
281
1251

1
5
13
49
479
2628

1
6
12
59
540

0
2
2
18
123
1809

1
4
10
64
456
6317

2
4
10
43
570

0
4
9
53
558

1
3
7
42
83
1079

0
7
14
77
239

1
4
11
76
191

0
7
16
111
363

0
6
13
72
312

1
7
17
155
253

1
7
20
243
471

0
7
67
264
456

1
7
25
220
1768

1
8
28
331
973

1
9
82
496

1
10
60
721

1
9
71
411
3740

1
9
20
208
490

1
10
67
359
578

1
9
53
897

1
10
49
332
783

1
10
58
361
580

0
3
49
625
6133

1
9
89
495

1
8
54
410
3122

0
9
72
187
1084

1
9
74
495
5274

0
10
95
230
7417

0
4
70
850

1
10
88
346

1
12
104
755

1
13
90
388

1
5
72
330

0
9
59
308
2718

1
8
71
426

0
10
90
306
4055

1
10
103
539

0
11
61
533

1
11
74
335
4188

0
4
48
498

1
3
47
428

1
12
118
548

1
13
69
627

1
13
90
869

1
13
74
840

1
13
97
643

1
15
74
671

1
8
33
586
8395

0
4
16
339
8548

1
17
70
734

1
14
61
987

0
14
34
497

0
17
74
623

1
11
74
139

1
12
137

1
17
98
539

1
16
70
608

0
6
58
592

1
18
67
817

0
12
97
366

1
14
91
1025

1
12
40
469

1
11
88
506
1451

1
19
93
971

1
10
92
547
1365

0
12
108
778

1
11
36
233
2294

0
8
71
283
3941

0
7
46
172
1870

0
6
53
110
1263

0
7
51
147
694

0
6
52
103
283
1210

0
4
30
50
205
303
3600

0
1
11
57
156
302
1317

0
1
5
20
50
111
188
184
201
188

0
3
9
25
15
7
15
14
15
14
15
15
15
16
15
17
16
17
17
17
17
17
19
17
18
22
20

0
1
1
1
2
2
2
1
2
1
2
1
1
1
3
2
1
3
2
2
2
1
2
1
2
1
2
2
2
1

0
1
1
0
1
0
1
1
0
1
1
0
1
1
0
1
1
1
0
1
1
0
1
1
1
0
1
1
1
1

4

3

