1
4
16
56
157
649

1
5
18
134
467
1850
5338

1
6
40
90
1051
2462
6755

1
5
29
85
234
1076
2335
11763

1
6
25
235
822
3455
28110

1
7
36
115
753
3283
7016

1
5
30
75
222
1120
3026
9926

1
6
29
254
882
3445
17516

1
7
38
116
947
1432
7374
23725

1
5
30
44
336
1032
1597
9056

1
6
28
257
926
5943
12860

1
6
29
246
1438
6576
33930

1
4
13
49
320
966
7517
32958

1
6
18
83
748
6051
3871
15155

1
7
19
91
897
7226
6574

1
7
22
111
1719
5955
12093

1
11
27
159
3541
14194

1
9
27
152
2458
12921

1
12
32
221
3666
16643

1
16
40
308
6640
32910

1
19
46
421
7046

1
12
30
218
1653
21949

1
17
40
383
5701
71704

1
15
40
317
7636

1
15
40
320
7104

1
10
25
183
972
12733

1
22
54
601
2937

1
16
39
530
2482

1
23
56
1151
4302

1
19
48
697
3735

1
23
58
1472
3027

1
24
68
2603
4885

1
22
328
3099
5185

1
25
74
2413
19924

1
26
75
3287
10581

1
30
454
5242

1
32
356
7742

1
31
262
4374
40550

1
24
62
1995
5162

1
29
493
3862
5460

1
34
419
9316

1
32
234
3464
7637

1
29
287
3698
5749

1
27
493
6509
63329

1
25
567
4991

1
24
417
4187
31630

1
23
475
1910
10549

1
25
314
4827
52445

1
24
483
2305
73692

1
29
658
8362

1
28
523
3344

1
29
709
6755

1
30
656
3423

1
30
576
3089

1
26
244
2928
21598

1
23
415
3965

1
23
513
2782
37233

1
25
565
5048

1
22
281
4906

1
25
347
2811
38201

1
26
357
4435

1
28
336
3822

1
31
488
4740

1
33
390
5233

1
35
459
7586

1
34
361
6579

1
31
469
5509

1
31
195
5125

1
31
174
4732
67154

1
32
121
2758
68489

1
32
283
5939

1
33
281
7651

1
31
120
3945

1
29
426
4910

1
26
352
1041

1
27
894

1
29
615
4181

1
27
409
4724

1
29
438
4608

1
29
373
6084

1
26
453
2737

1
28
255
7404

1
26
101
3241

1
24
375
3818
10163

1
26
449
7190

1
22
403
3974
10053

1
24
454
5771

1
20
105
1522
16347

1
16
284
2178
27836

1
13
129
1301
13581

1
11
169
850
6910

1
12
168
1014
4677

1
10
106
634
1744
10113

1
7
68
309
1414
2569
27367

1
8
64
325
954
1845
11004

1
6
35
145
326
1120
2112
2866
3813
4772

1
5
20
67
72
111
278
350
422
494
566
638
710
782
854
926
998
1070
1142
1214
1286
1358
1430
1502
1574
1646
1718

1
3
9
15
21
27
33
39
45
51
57
63
69
75
81
87
93
99
105
111
117
123
129
135
141
147
153
159
165
171

1
1
2
3
4
5
6
7
8
9
10
11
12
13
14
15
16
17
18
19
20
21
22
23
24
25
26
27
28
29

1

1

