1665
691
3445
854
1036
1101
1298
5704
689
893
1503
1593
1929
2384
3114
2995
2598
2295
2001
2003
2000
2001
1998
2002
535
3468
2001
2003
521
820
4672
1989
490
3511
1147
918
1192
1311
1252
1419
1543
1420
2653
2662
2472
2929
2433
1960
2033
1714
2168
2179
2297
1993
2797
1535
1471
1737
1922
1578
1615
1884
1453
1785
1576
1626
1669
1860
2050
1764
2001
2326
2120
2035
1680
1209
1159
1164
7872
1821
1212
1188
996
1554
1052
1624
1329
1506
1438
1210
1552
5454
1805
2314
2391
1933
1302
1579
1489
1532
1989
1590
1145
1609
1307
7839
1925
2091
2171
1950
2225
1888
1125
1103
1032
1378
1997
1759
1656
1727
1711
1978
1861
1776
1516
1590
9985
1490
1287
854
6398
748
772
902
1014
6597
986
995
747
5400
687
688
4457
2128
1917
528
1031
1084
523
89
26
119
8
8
7
7
