0
31
192
1442

0
5
44
642

1
2
34
556

1
4
66
783

1
13
77
945

1
7
69
1024

1
8
83
1206

1
6
50
675

0
9
68
612

0
0
63
830

3
10
85
1405

2
10
74
1507

1
13
94
1821

1
12
96
2275

1
13
111
2989

2
12
117
2864

1
4
92
2501

2
14
147

0
6
130

4
5
121

1
6
119

1
5
108

1
11
107

2
13
111

0
9
43
483

3
5
44
426

0
9
40
269

0
8
34
317

0
9
63
449

1
3
47
769

0
7
51
528

0
7
39
300

0
8
62
420

1
8
49
381

0
11
71
1065

0
5
60
853

1
8
95
1088

1
11
102
1197

1
10
72
1169

1
11
72
1335

1
5
73
1464

1
14
70
1335

1
7
83
2562

1
7
88
2566

1
25
90
2356

1
18
99
2811

0
16
94
2323

3
17
73
1867

1
15
96
1921

1
23
78
1612

0
7
87
2074

1
22
81
2075

1
7
72
2217

1
15
81
1896

1
21
102
2673

0
7
49
1479

1
17
66
1387

1
17
82
1637

0
30
72
1820

1
17
80
1480

2
17
69
1527

1
22
73
1788

1
14
70
1368

1
18
82
1684

1
17
72
1486

1
16
79
1530

1
16
77
1575

1
14
85
1760

1
17
81
1951

1
13
80
1670

1
14
81
1905

1
19
100
2206

1
16
83
2020

1
16
73
1945

1
19
65
1595

1
18
52
1138

1
19
50
1089

2
16
49
1097

1
17
44
941
6869

1
9
57
1754

1
16
66
1129

1
17
59
1111

0
27
37
932

2
17
88
1447

1
19
63
969

1
21
78
1524

1
20
68
1240

1
19
65
1421

1
19
56
1362

1
19
49
1141

1
6
53
1492

1
19
48
721
4665

1
19
67
1718

1
19
86
2208

1
20
80
2290

2
19
77
1835

1
22
61
1218

1
22
61
1495

1
20
58
1410

1
20
66
1445

1
31
67
1890

2
18
75
1495

1
27
57
1060

1
23
79
1506

1
19
56
1231

3
21
44
908
6863

0
8
60
1857

1
17
108
1965

1
22
100
2048

1
22
73
1854

1
26
73
2125

1
23
70
1794

1
7
50
1067

1
22
54
1026

1
26
42
963

1
19
59
1299

1
9
62
1925

1
21
75
1662

1
20
65
1570

1
8
71
1647

1
22
79
1609

1
26
80
1871

1
26
79
1755

1
26
68
1681

3
27
60
1426

1
22
62
1505

1
20
62
1139
8763

0
9
56
1425

1
20
72
1194

1
19
50
784

1
19
45
710
5623

2
19
48
679

1
20
47
704

1
18
46
837

1
22
56
935

1
19
61
698
5818

0
16
62
908

3
14
56
922

3
20
43
681

1
15
61
573

0
16
63
608

0
13
65
610

1
9
54
391
4002

0
11
60
231
1826

0
10
33
218
1656

0
10
33
97
388

1
8
27
60
178
757

1
2
10
39
58
139
259
282
294

1
4
10
21
23
20
18
19
20
21
22
22
21
20
21
22
27
28
23
26
32
25
26
26
25

1
2
3
5
4
5
5
6
5
2
2
3
3
2
3
2
3
2
5
3
1
3
1
4
3
2
3
2
2
2

0
1
1
1
1
1
1
0
1
1
1
1
1
1
1
0
2
0
2
1
1
1
1
1
1
0
1
1
0
1

119

8

8

7

7

