1
20
362
6937

1
18
314
5648

1
16
309
5310

1
18
364
6792

1
20
426
8510

1
20
422
8549

1
23
511
11293

1
18
336
6453

1
18
317
5921

1
20
393
7884

1
26
525
13100

1
27
551
14048

1
29
617
16905

1
32
689
20649

1
35
820
26885

1
32
813
25158

1
30
761
22752

1
34
925

1
34
831

1
33
808

1
35
790

1
37
843

1
34
740

1
33
684

1
15
263
4370

1
14
235
3797

1
11
170
2354

1
13
185
2732

1
15
236
3601

1
21
319
6507

1
17
256
4525

1
12
166
2370

1
15
208
3416

1
14
190
3189

1
23
388
8727

1
19
348
7062

1
19
420
8815

1
22
419
9414

1
23
404
9343

1
26
424
10649

1
27
438
11548

1
29
390
10598

1
37
602
20481

1
36
588
19852

1
37
541
18160

1
37
604
20786

1
35
546
17852

1
33
459
14085

1
32
476
14518

1
33
397
11952

1
37
443
14644

1
35
478
15198

1
34
499
15851

1
31
463
13594

1
37
571
19161

1
34
349
10497

1
33
336
9874

1
33
391
11691

1
35
436
12884

1
33
385
10634

1
34
376
10606

1
36
423
12583

1
30
365
9443

1
33
400
11516

1
33
371
10262

1
30
391
10534

1
29
406
10848

1
32
420
11946

1
34
446
13206

1
27
411
11312

1
30
430
12665

1
33
467
14591

1
31
446
13305

1
34
401
12459

1
34
335
10250

1
34
250
7418

1
33
242
7028

1
33
242
7096

1
33
207
5933
47583

1
36
351
11241

1
29
257
7206

1
29
253
7064

1
28
218
5951

1
31
302
8818

1
31
218
5966

1
33
295
8950

1
35
251
7608

1
35
281
8746

1
34
269
8344

1
34
207
5956

1
34
264
7967

1
32
165
4350
30613

1
33
321
9867

1
32
426
13185

1
34
423
13679

1
33
344
10781

1
34
239
7139

1
35
279
8770

1
33
266
7920

1
34
275
8238

1
35
344
10912

1
30
303
8626

1
36
206
6002

1
33
299
8713

1
31
253
7038

1
33
191
5180
42401

1
34
344
10356

1
28
399
11219

1
33
378
11541

1
36
317
10308

1
37
360
11917

1
37
290
9414

1
37
196
5916

1
35
191
5649

1
33
183
5058

1
33
246
7149

1
34
341
10463

1
33
301
9062

1
34
276
8196

1
33
298
8751

1
35
288
8650

1
33
332
10024

1
34
311
9374

1
32
299
8691

1
35
256
7555

1
34
269
7955

1
31
225
5963
49009

1
31
280
7463

1
30
244
6298

1
27
179
4077

1
26
172
3730
31095

1
26
161
3515

1
30
154
3588

1
30
181
4305

1
29
203
4785

1
27
167
3576
27889

1
25
217
4534

1
23
234
4567

1
23
184
3442

1
21
169
2898

1
15
218
3077

1
15
224
3110

1
13
161
1973
19938

1
12
111
1190
9271

1
10
114
1038
8567

1
9
59
429
2198

1
7
41
240
998
4372

1
7
26
114
345
940
2022
3139
4256

1
5
18
57
124
197
270
343
416
489
562
635
708
781
854
927
1000
1073
1146
1219
1292
1365
1438
1511
1584

1
3
8
14
20
26
32
38
44
50
56
62
68
74
80
86
92
98
104
110
116
122
128
134
140
146
152
158
164
170

1
1
2
3
4
5
6
7
8
9
10
11
12
13
14
15
16
17
18
19
20
21
22
23
24
25
26
27
28
29

1

1

1

1

1

