12
13
8
25
113
384

0
1
1
12
60
337
2052

0
3
7
40
126
650

1
2
10
73
202
1586

0
2
23
79
495

1
1
16
63
332
3142

1
2
21
109
1115

0
2
22
110
926

1
2
37
148
2065

1
3
31
121
1168

1
2
27
111
1364

1
3
23
115
1051

1
2
22
97
1039

0
2
31
129
1741

1
2
38
194
3061

1
3
32
235
3796

1
4
55
369

1
4
50
307

1
4
39
283

0
1
11
173

1
5
49
340

1
4
47
275

1
6
47
398

1
3
35
142
1713

1
4
30
137
1630

0
4
31
188
1582

0
5
38
293
3241

1
4
34
294

0
2
19
289
3761

1
4
38
259

1
5
39
302

0
7
38
432

0
8
41
367
4185

1
5
41
279
2862

1
5
31
225

1
6
41
262
2494

0
6
25
188
1459

0
3
12
208
1454

0
6
45
271
2673

0
6
39
216
1644

1
6
45
238

1
6
34
212
1524

0
6
27
176
1343

0
6
30
192
1559

0
2
20
317
3363

1
4
33
183
1766

1
6
22
264
2562

0
4
29
276

1
7
44
222
1522

0
6
42
299
2722

0
2
39
259
2798

0
6
37
254
2798

1
5
61
270

1
4
29
153
1720

0
3
37
163
1542

0
4
44
118
1009

1
5
28
93
729

0
4
29
124
997

1
4
25
93
581
5754

0
3
19
72
388

0
4
20
80
399

1
3
15
51
160
1062

1
2
14
44
125
598
3037

1
2
9
38
75
340
1727

0
2
14
42
98
443
1981

0
2
8
25
49
169
540

0
2
7
25
38
71
128
231
261

0
2
3
8
15
25
11
13
14
13
12
11
11
11
10
11
13
11
12
13
13
15
17
13
16
14
15
13

1
2
1
4
10
9
5
4
4
4
4
3
4
2
3
2
3
2
3
2
2
3
2
2
3
3
2
3
2
3

0
1
0
0
0
1
0
0
1
0
0
0
1
0
0
1
0
0
0
1
0
0
1
0
0
1
0
0
1
0

0
0
0
1
0
0
0
0
0
0
1
0
0
0
0
0
0
0
1
0
0
0
0
1
0
0
0
0
0
1

