23
17
14
23
63
182

1
2
6
39
57
339
2149

1
1
9
44
130
719

0
1
6
37
93
631

0
2
9
39
120
1029

0
2
14
54
317
3205

0
2
27
97
774

1
2
25
90
1117

0
3
28
105
1225

1
2
30
141
1660

1
2
29
164
1977

1
5
51
277
3303

0
5
47
307

1
3
26
189
2105

1
3
37
207
2613

0
2
36
430

0
5
58
413
4784

1
5
37
220
2489

1
5
30
162
2057

1
5
43
289

0
4
37
246
3368

1
6
47
495

0
3
27
241
2668

1
5
40
478

1
6
46
336

1
5
37
290
2956

1
5
32
196
1764

0
5
28
178
1613

1
7
45
468

1
7
56
589

1
6
52
766

1
8
47
821

0
8
79
958

1
8
92
990

1
13
49
854

0
8
63
797

0
3
22
566
7760

1
7
53
657

1
11
45
779

1
8
63
754

0
6
26
231
1773

1
10
61
904

1
4
20
139
982

1
12
54
1021

2
19
45
1339

1
14
76
1984

1
16
86
2015

