109
267
480
1246
1579
1522
1760
5904
1601
1908
1422
1360
793
714
545
6522
392
1260
1608
517
851
747
848
380
1043
16422
277
266
232
254
286
254
250
789
290
3372
3228
7230
275
326
291
297
290
799
893
999
334
1266
1116
2510
865
4474
4263
7736
344
353
333
1350
356
382
4819
4001
314
2899
2465
2998
327
398
343
3636
2528
368
2916
456
432
420
6044
378
399
415
2011
423
1336
2766
489
2147
1667
2702
8387
439
6383
436
406
437
9084
396
384
402
391
422
413
2846
6766
21249
444
361
444
386
409
386
410
363
375
389
1440
406
1657
2467
9202
282
310
1625
3386
4121
4153
2688
3175
1251
1825
2587
2406
2444
2473
2086
1494
2326
3557
278
799
465
1602
1186
1133
1187
1076
1938
1064
772
408
151
30
105
7
4
7
5
5
