15
47
47

4
23
28
212

2
6
28
96
348

1
8
28
83
1126

1
6
27
82
1463

1
7
12
64
1438

1
6
25
78
1650

1
6
23
71
5803

1
7
21
85
1487

1
9
18
86
1794

1
7
15
59
1340

0
6
9
54
98
1193

1
5
17
96
674

0
6
19
122
567

1
5
22
98
419

2
8
16
44
363
6089

0
5
8
37
342

1
4
9
46
1200

1
10
84
1513

1
7
38
471

1
3
26
821

1
11
43
692

1
15
28
804

1
21
31
327

1
24
46
972

2
9
26
205

3
24
25
225

3
16
31
216

1
15
25
191

1
8
23
222

1
17
36
232

1
20
23
210

1
18
33
198

1
15
27
200
546

1
18
28
243

1
18
29
217
3107

1
19
27
226
2955

1
16
32
190
6991

1
17
27
230

1
22
25
278

1
19
22
249

1
20
25
251

1
19
26
244

1
17
35
203
543

1
19
24
208
641

1
20
35
230
713

1
7
18
308

1
20
31
258
956

1
20
29
266
800

1
23
26
252
2208

1
18
25
193
628

1
15
25
211
4222

1
18
27
218
3999

1
16
34
192
7493

1
22
33
288

1
6
17
329

1
31
24
277

1
20
32
252
1045

1
20
31
304

1
21
38
322

1
23
28
303
4464

1
20
26
276
3678

2
17
21
274

1
22
28
278
2570

1
21
23
280
2140

1
19
35
250
2693

1
22
21
283

1
25
27
345

1
26
25
291

2
22
28
259
3325

2
26
22
271
2207

0
8
17
343

1
28
23
285
2579

1
28
32
395

1
24
32
375

1
27
30
362

2
18
29
309
5686

1
18
26
333

1
8
16
374

0
10
16
389

1
29
26
346
1609

1
26
20
376

2
30
18
316
970

1
28
26
360
2351

1
30
22
436

1
25
26
361
1734

1
32
36
371
1227

1
24
24
311
2342

1
23
26
408
7929

1
25
41
372

2
27
24
327
6003

1
24
27
384

1
33
30
342

2
36
26
373

1
23
31
345
8684

2
25
26
343

1
26
23
334

0
9
16
377

1
31
26
333

1
25
27
369

1
28
21
363

1
33
27
344
2441

1
33
22
338
6372

1
26
35
318
20869

0
13
18
413

3
25
25
308

1
27
27
389

1
26
23
336

1
28
37
343

3
27
20
336

1
29
28
352

1
29
25
308

1
23
25
326

2
34
25
328

1
22
25
283
1109

1
30
20
355

1
8
18
288
1342

1
26
26
272
2142

1
32
19
254
8896

1
23
25
233

1
22
33
254

1
21
32
196
1375

2
20
26
218
3120

1
21
32
214
3853

1
22
25
191
3914

1
19
29
214
2425

1
19
33
173
2949

1
18
37
147
1048

1
17
24
135
1648

1
17
21
136
2412

1
19
30
143
2213

1
5
11
121
2306

1
22
28
147
2275

1
18
28
131
1908

1
15
35
118
1325

1
14
32
110
2169

1
13
35
101
3407

1
19
26
232

1
20
39
739

1
11
44
409

1
6
35
256
1304

1
10
53
169
953

1
16
27
230
859

1
12
51
170
953

1
8
41
102
438
486

1
7
40
83
140
1667

1
7
26
77
83
307
563

1
5
30
26
29
74
122
203
138
144

1
4
10
28
27
25
19
20
20
23
20
22
22
23
23
22
25
24
24
26

0
4
7
16
10
8
2
4
3
3
3
4
3
3
3
3
3
4
6
5
4
3
5
10
7
6
5
4
6
7

0
0
3
1
2
1
1
1
2
1
1
1
2
1
1
1
0
1
1
1
0
1
1
0
1
1
1
1
1
1

105

7

4

7

5

5

