1
20
90

1
18
53
693

1
16
52
701
3055

1
17
55
635
10748

1
17
55
650
14081

1
17
53
589
13781

1
17
53
601
15737

1
16
48
471
53924

1
18
54
610
13604

1
19
56
654
16283

1
12
40
374
12219

1
13
52
383
899
10838

1
14
48
729
6120

1
14
53
976
5130

1
12
42
704
3688

1
11
26
206
3399
49188

1
11
26
209
3068

1
10
25
210
10629

1
25
457
13217

1
26
272
4002

1
26
224
6969

1
29
144
5746

1
31
79
6771

1
31
157
2738

1
40
286
8118

1
37
95
1695

1
38
99
1833

1
38
100
1778

1
37
97
1549

1
36
93
1646

1
40
101
1775

1
41
101
1663

1
41
103
1570

1
36
91
1424
3868

1
41
102
1883

1
42
104
1692
23071

1
39
105
1650
22432

1
35
93
1481
54121

1
39
102
1774

1
47
111
2114

1
43
104
1811

1
45
108
1876

1
41
104
1834

1
39
97
1466
4105

1
41
102
1584
4816

1
44
108
1696
5308

1
45
110
1737

1
47
114
1901
5760

1
49
117
1924
5799

1
51
124
1864
16218

1
34
85
1331
4749

1
33
84
1435
31021

1
37
98
1561
28142

1
35
98
1350
52278

1
43
110
2082

1
44
110
2161

1
41
106
1958

1
38
101
1775
7179

1
41
105
2151

1
44
109
2244

1
43
105
2100
31658

1
41
98
1893
25492

1
43
102
1861

1
42
100
1907
18261

1
41
95
1800
15075

1
39
91
1660
19251

1
40
93
1801

1
49
113
2361

1
45
103
1922

1
43
100
1765
23831

1
42
98
1786
14747

1
47
107
2148

1
41
95
1871
16887

1
49
114
2524

1
46
109
2370

1
45
109
2303

1
42
101
1985
35935

1
44
103
2119

1
46
105
2265

1
45
102
2153

1
46
99
2192
12069

1
48
102
2285

1
45
95
1994
7495

1
48
101
2256
17317

1
49
107
2400

1
46
102
2242
12331

1
47
106
2286
8602

1
41
96
1882
15268

1
39
108
2213
53213

1
45
107
2255

1
39
111
1967
38516

1
45
106
2204

1
44
105
2034

1
45
108
2231

1
43
103
2065
53501

1
41
101
2028

1
43
101
1981

1
46
105
2205

1
43
101
2000

1
43
101
2117

1
45
102
2076

1
43
96
1972
15520

1
42
96
1910
40158

1
40
93
1780
121824

1
40
94
1801

1
40
93
1770

1
45
104
2156

1
43
98
1924

1
44
99
1934

1
44
97
1883

1
43
94
1856

1
41
90
1687

1
42
93
1830

1
42
95
1820

1
39
87
1588
7088

1
40
91
1696

1
39
89
1579
8016

1
38
87
1480
12186

1
37
85
1381
49882

1
35
85
1266

1
35
88
1341

1
31
80
1049
7813

1
31
81
1171
17288

1
31
80
1147
21176

1
29
75
1027
18038

1
29
75
1028
13570

1
28
74
886
15747

1
26
70
734
5713

1
25
64
680
9218

1
24
64
680
12286

1
25
66
714
12526

1
24
63
635
12589

1
26
69
751
12246

1
23
64
638
10631

1
22
61
591
7133

1
20
56
523
10127

1
19
53
476
17677

1
19
55
1148

1
20
112
3709

1
18
138
2053

1
16
132
1269
6868

1
14
150
844
5102

1
14
103
1100
4650

1
13
109
746
4996

1
11
86
556
2463
2747

1
10
65
357
872
9427

1
9
49
330
538
1861
4028

1
7
35
90
197
515
1043
1874
1738
2258

1
6
18
57
126
221
230
323
401
479
557
635
713
791
869
947
1025
1103
1181
1259

1
4
14
25
23
31
39
47
55
63
71
79
87
95
103
111
119
127
135
143
151
159
167
175
183
191
199
207
215
223

1
2
4
6
8
10
12
14
16
18
20
22
24
26
28
30
32
34
36
38
40
42
44
46
48
50
52
54
56
58

1

1

1

1

1

1

