110
31
62
404

4
9
72
164
1463

1
9
81
211
2403

0
10
75
139
1981

3
11
86
179

0
5
73
125

2
9
30
363

0
8
17
183
2668

0
0
31
368

3
15
37
268

0
0
47
375

2
9
66
352

2
10
52
244
2393

1
11
92
1114

3
8
35
173

2
11
36
513

3
15
48
518

3
13
106
686

1
11
97
906

2
14
173
1160

1
13
30
438
3059

2
22
100
785

1
12
86
1001

1
13
80
831

1
14
88
1035

1
10
103
197
1203

1
13
229
849

1
17
51
194
1650

1
8
29
234
2004

1
17
41
358
2747

2
19
63
727

1
17
44
384
2492

2
19
70
744

2
22
42
583
3286

2
21
49
414
2716

3
20
42
780

1
24
50
383
2678

1
21
38
625

1
28
107
2647

1
21
94
1086

1
20
98
620

2
23
28
1882

2
31
41
464

2
21
41
993

3
21
54
792

4
19
91
748

1
21
50
719

1
25
78
659

1
26
95
1585

1
22
34
374
4155

1
23
44
373
4679

1
25
57
659

3
27
60
746

2
26
37
467

1
22
59
466
5047

1
26
61
729

1
21
52
512

1
20
47
704

1
24
42
374

3
21
43
349

2
23
56
584

1
19
61
473

1
22
64
431
3666

0
18
35
273
1053

1
9
36
253
2471

3
18
37
273
1353

1
22
60
331
2315

1
19
39
329

2
21
40
292
1793

1
5
18
298
2105

1
26
45
337
1609

1
25
47
337
1218

1
16
44
271
1509

1
20
92
365

3
22
84
622

1
20
70
397

1
20
72
537

2
32
68
503

1
21
96
374
4500

1
23
77
757

1
31
77
467

1
22
115
610

1
26
73
612

1
36
82
608

3
31
103
812

3
37
54
622

1
29
126
856

1
35
71
648

1
31
86
746

1
31
85
732

1
34
67
910

1
29
69
870

2
38
45
896

1
34
74
958

1
14
53
651

3
27
59
693

2
35
45
1034

1
42
68
881

3
30
128
742

1
31
73
931

1
39
98
1081

1
37
57
839

1
28
52
1022

1
30
52
663
3275

1
27
71
545

2
21
83
836

2
28
66
1481

1
36
114
712

1
37
82
696
8925

0
16
265
3221

4
18
97
342

1
33
91
424

0
24
187
484

1
23
330
287
1771

1
23
55
449
2371

1
8
25
391
2627

1
21
54
443

1
21
46
514
4449

4
22
113
480

1
22
275
896

1
20
50
405

3
21
66
430

1
18
90
329

1
23
67
447

3
22
64
718

2
18
71
358

1
28
73
433
3797

3
19
57
298

1
19
65
588

1
21
96
513

5
25
77
446
3147

1
19
76
355
1361

1
14
84
205
2229

4
18
57
228
1162

3
19
71
175
936

1
15
87
160
1017

1
16
64
198
710

1
12
69
118
285
4541

1
14
45
124
595

1
12
46
84
496
4676

0
14
38
110
340

0
13
32
102
279
990

0
9
12
49
169
1269

1
8
14
79
117
1428

1
5
8
108
128
985

1
7
13
55
67
304
1274

0
1
6
23
49
119
402
486
629

1
4
12
27
34
37
121
108
110
76
49
56
66
102
164
157

1
6
7
14
31
15
10
10
12
8
9
8
9
9
9
9
8
10
9
9
10
10
9
10
10
10
10
12
10
11

1
2
7
7
7
7
10
8
6
4
6
6
5
5
4
3
3
4
4
3
3
4
3
4
3
4
4
3
4
4

1
3
2
1
2
2
2
1
2
2
3
3
2
2
1
1
1
2
1
1
1
2
1
4
2
2
1
2
1
2

8

6

7

7

6

