607
1712
2705
2205
2575
2000
404
2876
2729
323
3675
429
2701
1218
3653
562
584
808
1015
1349
3541
909
1100
925
1138
1514
1092
1913
2276
3164
811
2938
835
3935
3202
845
3136
685
2783
1202
9738
1935
538
1057
870
862
791
763
1707
4586
5120
742
836
532
5595
817
586
772
7900
416
665
554
4184
1379
2770
1684
2729
388
2148
2427
2018
1628
1841
5173
731
488
630
605
4992
858
576
748
712
9664
949
716
1012
755
864
849
1012
969
981
1067
12826
782
1116
992
903
1036
1219
934
1103
4021
644
942
1577
863
9741
3502
461
549
695
2412
2899
3052
519
5031
619
1194
5210
520
438
5041
807
449
4332
377
673
631
3700
1812
2533
1469
1204
1280
989
5026
779
5315
502
1416
1508
1647
1235
1721
1715
1124
305
138
53
8
6
7
7
6
