1
17
121
1017

1
14
142
1035
13200

1
14
213
1764
21065

1
16
218
1037
14225

1
16
319
1305

1
17
322
1141

1
25
72
2492

1
23
69
1408
18267

1
21
85
1449

1
23
121
1172

1
25
129
2213

1
23
154
1337

1
25
183
1791
16597

1
23
508
4596

1
20
109
930

1
26
85
1735

1
28
77
2159

1
31
397
4687

1
29
335
3104

1
36
410
6432

1
29
73
2363
14143

1
35
232
4101

1
34
194
5229

1
31
181
4690

1
34
199
5563

1
25
235
1083
7504

1
32
650
3520

1
31
132
1490
9567

1
33
113
1656
11741

1
40
137
2127
15607

1
42
144
2433

1
41
145
2195
13153

1
44
155
2392

1
46
126
2857
14666

1
47
122
2841
15926

1
46
124
2976

1
46
162
2845
13507

1
46
144
3077

1
46
483
12003

1
46
332
5780

1
41
370
3005

1
42
97
11151

1
42
135
2787

1
42
187
4505

1
42
210
3812

1
41
223
2667

1
45
123
2952

1
47
192
4431

1
49
236
8279

1
46
102
2572
22925

1
44
98
2462
21136

1
44
116
2576

1
45
125
2759

1
44
126
2629

1
45
134
2481
24300

1
44
110
2422

1
43
104
2362

1
40
104
2260

1
35
97
1786

1
36
101
1767

1
35
99
1726

1
39
107
2085

1
37
106
1979
16870

1
32
94
1517
5582

1
31
95
1547
10742

1
32
93
1632
8550

1
34
100
1822
12915

1
34
101
1784

1
33
98
1647
10375

1
32
98
1695
10259

1
35
100
1780
8503

1
33
96
1627
7100

1
30
90
1475
9228

1
35
146
2112

1
34
152
2113

1
31
129
2227

1
34
196
2472

1
34
212
2522

1
33
176
2034
25950

1
41
185
2845

1
38
183
2658

1
38
217
3010

1
42
259
3633

1
43
214
3497

1
44
247
3894

1
44
218
3652

1
44
284
3632

1
43
248
3186

1
43
254
3034

1
48
217
3211

1
46
216
3200

1
44
169
3281

1
45
177
3400

1
46
185
3331

1
44
224
3242

1
47
223
3741

1
46
188
2996

1
45
188
2999

1
44
186
2867

1
47
197
3300

1
47
164
2917

1
46
169
2762

1
46
156
2865

1
43
158
2802
11937

1
44
191
2871

1
48
237
3508

1
46
236
4214

1
42
186
2837

1
43
242
2917
31356

1
39
1482
9871

1
37
451
1697

1
41
294
2043

1
37
995
1933

1
35
1016
1491
8610

1
34
103
1594
8314

1
33
100
1676
11896

1
32
96
1597

1
32
96
1821
17750

1
31
462
2064

1
33
552
2114

1
30
134
1653

1
29
140
1629

1
27
154
1475

1
29
151
1643

1
31
189
1821

1
28
180
1512

1
29
180
1543
13451

1
29
178
1425

1
27
190
1396

1
28
229
1426

1
27
196
1377
11940

1
27
255
925
6102

1
25
234
862
6552

1
26
119
846
4117

1
25
109
787
3099

1
20
126
593
3149

1
19
105
473
2562

1
17
74
372
1573
19178

1
17
68
361
2075

1
17
85
415
2251
15934

1
15
80
338
1680

1
14
50
286
1372
4270

1
13
40
242
1008
4187

1
12
32
212
645
5136

1
12
31
195
598
3568

1
10
26
138
429
1516
5823

1
8
29
90
216
606
2270
2655
4691

1
5
21
40
99
223
473
580
741
908
1075
1242
1409
1576
1743
1910

1
4
13
29
70
89
117
145
173
201
229
257
285
313
341
369
397
425
453
481
509
537
565
593
621
649
677
705
733
761

1
3
12
16
24
32
40
48
56
64
72
80
88
96
104
112
120
128
136
144
152
160
168
176
184
192
200
208
216
224

1
2
4
6
8
10
12
14
16
18
20
22
24
26
28
30
32
34
36
38
40
42
44
46
48
50
52
54
56
58

1

1

1

1

1

