156
11
7
16
60
130

0
1
2
15
30
132
442

2
2
5
16
46
102
785

1
1
7
19
31
230
291

1
2
7
42
144
431

0
1
1
12
36
279
842

1
3
15
71
29
1111

0
3
6
62
88
1223

1
3
22
73
45
1625

0
1
8
72
40
2434

0
1
11
106
58
3486

1
6
11
82
195

1
4
13
80
61
2489

1
2
5
85
73
2152

1
4
8
28
46
489
1223

1
3
16
54
195
1418

1
6
12
80
213
1739

8
3
23
68
64
2037

1
3
21
149
820

1
6
36
281
320

0
2
14
255
2366

1
5
46
279
2028

1
3
17
108
557

1
4
30
160
892

1
2
9
94
277
1150

1
8
10
68
486
1841

1
6
7
54
338
1055

1
6
15
94
146
1492

1
6
13
95
176
2833

1
6
15
145
221
3226

1
6
16
105
214
3500

1
5
20
145
241

1
2
12
183
449

0
3
19
250
166
1772

1
6
43
203
305

0
11
35
164
329
1622

1
15
42
156
224
1383

1
15
34
178
328
1330

1
15
52
143
577

1
14
55
111
491
861

1
7
62
370

0
6
31
126
683

1
15
49
131
269
1197

1
19
51
219
536

0
8
34
169
416
1430

1
21
40
161
352
792

0
16
64
131
360
642

1
16
51
171
463
918

1
15
52
157
384
963

1
19
31
159
183
1271

1
18
45
205
313
1067

1
20
48
275
428
2078

1
20
39
203
207
1826

0
20
36
149
151
1243

1
16
38
128
212
2522

1
19
25
90
107
665

0
6
21
139
226
908

0
15
36
141
193
550
6960

1
13
35
161
154
1539

0
13
20
83
87
798

1
12
34
95
107
1042

0
13
32
98
94
519
1497

0
12
25
73
56
188
591

1
10
21
55
54
216
628

1
5
7
26
23
85
344
1393

0
8
16
47
24
58
350
1007

0
7
11
22
14
35
82
92
97
72
73
72
74
74
78
78

1
3
7
23
5
5
21
10
11
10
10
10
12
10
11
12
12
13
18
18
16
17
14
15
14
14
16
15
14
14

0
4
2
4
3
4
5
5
5
5
4
9
5
2
3
3
3
2
3
3
3
3
3
2
2
2
2
3
1
3

0
1
1
0
1
0
0
1
0
0
1
0
0
1
0
0
0
1
0
1
0
0
1
0
1
1
0
0
1
0

1
1
1
0
1
1
0
0
1
0
1
1
0
1
1
1
0
1
1
1
1
1
1
1
1
1
1
1
1
1

