10
26
13
146
115

1
9
23
21
160
615

1
8
16
58
83
820

1
11
30
79
267

0
5
11
103
854

2
12
32
97
163
809

0
11
25
152
182
1935

0
13
32
231
351

2
13
21
84
201
1735

1
15
17
61
398
2219

1
17
24
117
909

1
15
27
118
1101

1
23
25
155
742

1
13
20
135
666

1
25
22
110
638

1
18
15
29
728

1
26
14
127
346
4436

1
22
35
416
709

1
23
32
241
1769

1
18
28
203
612

1
23
36
301
1063

1
22
24
141
614

1
20
17
50
435
8918

1
20
28
113
617

0
21
27
168
1065

1
20
27
149
440

1
23
25
271
2368

1
21
30
222
2290

1
5
14
204
921

0
18
27
47
848

0
15
21
47
724

1
14
28
132
787

0
17
22
201
1114

0
17
18
103
2198

1
16
24
89
1524

1
24
8
25
89
918

1
18
20
67
305
1182

1
14
16
25
326
925

1
12
11
67
370
1779

1
13
33
160
154
1102

0
14
34
148
242
1620

0
16
24
74
74
518
3109

1
12
23
83
73
379
9590

0
18
31
47
307
1118

0
15
35
92
217
1099

1
13
22
88
64
251
1763

0
12
15
41
48
301
1681

1
9
11
32
69
243
1261

0
12
15
16
56
187
811

0
10
6
10
53
75
223
201
446

0
6
5
4
21
19
14
14
14
14
11
11
13
12
12
13
13
16
13
15
15
16
15
16
15
15
17
15

1
1
1
0
1
0
1
0
1
0
1
0
1
0
1
1
0
1
0
1
1
0
1
1
1
1
0
1
1
0

102

4

2

