1
14
32
246
469

1
16
46
168
1207
7407

1
16
58
516
1146
10713

1
28
110
596
3204

1
34
146
1327
10939

1
24
82
994
1968
10225

1
20
115
1768
2314
24777

1
28
121
2798
4495

1
28
81
814
2521
21670

1
32
61
599
4953
27778

1
38
76
1276
10692

1
34
81
1245
13162

1
42
84
1728
8407

1
42
100
1556
7378

1
44
101
1174
7200

1
40
66
250
8179

1
38
78
1264
3815
48074

1
38
172
4557
7757

1
36
146
2583
19110

1
34
121
1498
6373

1
48
206
3210
11169

1
44
145
1488
6232

1
38
86
449
4596
87308

1
36
91
1017
5863

1
36
85
1458
10246

1
38
94
1317
4434

1
36
147
2612
22779

1
34
132
2056
20397

1
32
113
1644
8626

1
28
92
401
7222

1
26
41
306
7044

1
26
88
1217
7527

1
28
83
1823
10678

1
28
51
431
10502

1
28
49
386
7692

1
28
38
174
821
8240

1
24
80
585
2952
10748

1
24
45
163
3135
8624

1
20
43
496
3451
16314

1
22
127
1408
1436
9878

1
22
120
1285
2339
14712

1
24
61
600
710
4579
27803

1
20
66
646
715
3366
86114

1
28
123
393
2872
9976

1
22
116
798
1910
9921

1
20
66
496
582
2308
15846

1
16
40
264
474
2680
14917

1
14
29
163
685
2142
11192

1
18
40
78
486
1809
7710

1
14
17
36
381
840
2488
2933
7002

1
8
14
16
75
126
195
258
321
384
447
510
573
636
699
762
825
888
951
1014
1077
1140
1203
1266
1329
1392
1455
1518

1
4
4
6
8
10
12
14
16
18
20
22
24
26
28
30
32
34
36
38
40
42
44
46
48
50
52
54
56
58

1

1

1

