3
4
4
6
5
6
7
6
6
6
5
5
5
5
6
6
8
9
6
6
6
5
5
5
5
5
5
5
5
5
5
5
5
5
5
6
6
6
7
8
8
8
8
9
10
9
8
9
7
5
6
6
6
6
6
8
5
6
6
6
5
5
6
6
5
5
5
6
5
5
5
5
5
5
5
5
5
5
5
5
5
6
6
5
6
6
6
5
6
6
5
4
4
3
4
3
3
3
3
3
3
3
3
3
3
3
3
2
2
2
2
2
3
2
2
2
3
2
3
3
2
3
3
2
2
3
3
2
2
3
2
2
3
2
2
2
2
3
2
3
3
2
2
2
2
2
2
2
2
2
2
2
2
2
2
3
2
2
2
3
2
1
2
2
2
2
1
2
2
3
3
2
3
3
1
3
3
2
2
1
2
2
2
2
2
1
2
2
2
2
2
2
3
2
3
2
2
2
1
2
2
2
2
1
2
3
2
2
2
3
2
3
2
1
2
2
2
2
2
2
3
1
2
2
2
3
2
2
2
2
2
2
2
2
2
2
2
2
2
2
1
2
2
2
2
2
2
3
2
2
2
2
2
2
2
2
2
2
2
3
2
2
3
2
2
2
2
2
2
2
2
2
2
2
2
2
2
2
2
2
2
2
3
2
2
2
2
2
2
2
2
2
3
2
2
2
2
2
2
2
2
2
2
2
2
3
3
3
3
3
3
3
4
4
4
4
4
4
5
9
22
29
1
1
