31
30
59
217

2
18
63
113
381

1
12
49
136
475

1
12
35
29
85
231
873

1
11
61
50
77
394

1
15
45
30
75
328
871

1
2
22
17
23
103
610
186

1
8
46
23
60
205
991

2
11
49
19
50
226
715

1
12
61
33
43
251
2115

2
18
71
68
61
422

1
21
43
65
63
476

2
32
48
33
54
461

2
31
65
62
76
718

2
28
33
27
46
422
864

1
26
39
27
35
217
483

1
13
30
14
26
104
264
251
690

8
7
10
12
20
58
138
222
566
1840

2
21
34
46
96
468
1707

2
17
28
17
44
283
797

2
28
46
34
59
413
1096

2
22
70
48
156
620

2
32
68
67
173
984

2
30
76
58
114
968

2
33
83
95
165
1603

1
36
86
80
181
1309

2
38
89
99
175
1794

2
33
56
49
143
976

2
28
48
48
122
974

2
27
47
37
89
605

1
42
42
38
94
612

2
37
111
127
182
1105

2
27
94
107
219
463

2
34
74
85
223
601

2
27
142
149
246
453

2
32
123
131
231
384
684

2
26
125
141
248
454
757

2
24
101
108
205
387
775

2
20
81
79
139
293
433
516

2
15
47
29
68
205
309
351
3102

1
12
54
27
55
124
188
217
1799

1
15
44
36
79
179
274
327
1966

2
8
52
31
69
160
179
210
1778

1
6
34
27
73
105
131
151
1071
4004

1
5
22
23
29
64
80
97
681
1253
1433

1
10
27
16
38
103
144
160
539
3388

2
10
40
18
27
51
280
345
482

1
11
38
19
24
76
265
310
385
2281

2
30
31
21
32
179
318
316

3
25
35
33
92
505

1
24
51
40
83
423
470

1
17
61
33
69
301
659

1
25
27
19
55
360
562

1
26
54
56
59
267
423

2
19
36
32
86
352
819

1
16
18
17
26
148
243
285
1372

2
27
81
93
141
527

1
13
43
39
98
508
1130

2
27
31
24
97
372
471

2
30
41
37
98
648
1282

2
32
48
46
83
435

3
32
56
60
122
945

2
35
40
30
75
441
670

0
13
30
39
102
468
616

2
37
64
65
142
1694

2
42
56
60
113
1463

2
44
74
79
111
545

2
39
57
61
85
490
668

3
34
81
92
129
607

1
29
146
175
241
823

1
48
126
149
239
942

2
40
81
89
113
1482

1
16
69
74
142
1033

2
51
84
88
158
1230

2
47
49
52
180
1249

2
52
44
43
82
904

2
53
40
38
61
828

2
47
57
58
97
855

3
49
73
75
117
985

3
52
32
36
56
717

2
41
54
63
75
644

3
52
52
57
76
603
843

2
38
49
51
81
514
700

0
24
76
89
134
653

0
36
78
87
127
583
871

2
45
77
92
131
583
866

2
36
43
48
151
576
808

2
43
82
90
135
755

2
38
46
48
63
449
625

2
35
36
37
54
815
1783

3
41
31
68
112
2274

3
39
59
698
1285

2
40
74
689
2600

2
40
95
1694

2
44
194
1182
14361

2
52
241
6502

3
56
370
9573

3
52
91
1317

3
64
82
1679

3
55
226
1610

2
58
92
1641

3
60
85
1757

3
54
219
3083

4
46
206
3790

3
49
70
906

3
57
153
2004

2
67
166
4529

0
38
363

3
54
211

3
43
75

3
47
185

3
43
253

0
46
89
3352

2
46
72

3
48
45

3
51
128

3
50
102
1892

3
77
120

3
41
130
2860

3
58
129
1846

3
48
288

2
59
120
4626

4
49
118
3155

0
24
130

3
43
221

3
47
83
2816

3
49
61
2400

1
37
366

3
49
603

3
45
173
3172

2
41
163

1
19
192

0
39
97
1653

1
36
136

0
48
220

1
31
120

2
43
151

2
41
86
1563

2
57
150

3
44
161
3706

3
50
112
655

1
42
148

2
48
118

2
44
120

2
43
171

2
41
115

2
51
296

2
61
59

1
29
255

2
81
196

1
70
263

2
81
257

2
65
247

2
94
291

0
48
228

2
77
186
6487

2
88
200

3
82
176

2
64
242

3
77
75
2480

2
75
141

2
86

2
99
347

2
95
342

2
71
254

2
88
268

1
73

1
72
187

4
90
283

1
63
100
2872

2
94
120
3058

3
82
144

1
74
48
1185

3
95
36
6925

2
106

3
73
72
1249

2
73
116
3594

2
82
97

3
76
48

1
96

1
90
344

2
87
368

3
89
336

2
90
368

2
87
268

2
92

2
94
457

3
121
461

3
93
392

2
109
424

3
77
385

2
86
468

2
90
47
1356

3
86
779

0
81
403
5783

2
105
508

2
91
459

3
91
398

2
93

2
91
416

1
99
423

2
97
433

3
93
208

2
88

3
93
350

2
89
75
2877

2
85
292

2
102
326

2
82
311

3
93
291
3041

2
89
332

1
74
289
2765

3
94
259

2
100

3
111
277

3
92
309

3
103
297

2
108
321

2
88
368

2
97
392

3
99
360
11291

2
117

3
101
289

3
131
385

2
106
334

2
97
146
7212

3
81
457

1
91
430

3
107
520

2
111
554

2
119
544

0
89
557

2
146
543

2
128
833

2
112
521

2
129
588

2
129
680

2
120
613

3
119
736

2
115
558

3
100

2
97
514

2
103
569

3
101
512

1
86
537

2
95
486

1
118
491

0
62
182
7671

2
101
481

3
85
282

2
80
294

2
82
343

0
78
298

2
56
203

1
63
285

2
58
364

2
82
393

2
75
409

2
69
415

2
67
416
9127

2
67
305

2
80
340

1
86
94
1880

3
93
613

2
93
604

2
81
605

1
95
567

2
92
499

0
71
427

0
54
443

2
92
486

2
50
524

2
57
520

2
44
500

3
56
530

2
43
436

2
35
279

1
37
253

1
32
177

1
39
308

2
49
248

2
57
218

2
61
224
6667

1
25
648

2
66
717

2
49
787

2
60
237

1
37
397

2
43
242

2
37
363

1
34
259

0
11
337

1
38
119
3141

1
38
124

2
30
100

1
45
82

2
51
218

1
55
205

1
31
146

1
41
207

0
13
303

2
35
309

1
30
247

1
42
207

2
62
152

1
17
186
3182

1
36
91
1454

1
30
99
1233

0
14
73
755

2
45
98
1355

1
22
72
1011

1
19
89
878

1
16
36
199
2089

1
11
41
273
2979

0
11
24
111
2045

1
13
25
132
1000

1
16
71
281
1336

1
24
27
91
558

1
28
17
54
173
397

1
17
22
25
44
104
68
77
112
521

1
13
13
11
15
26
11
14
13
14
13
14
15
14
14
16
15
16
15
17
18
17
17

1
8
6
5
6
8
6
5
4
4
4
4
5
4
4
4
5
4
5
5
5
3
3
3
3
4
4
4
4
4

125

41

