337
577
673
1266
594
1365
964
1334
1072
2516
642
669
630
954
1422
828
1393
2881
2374
1188
1678
918
1326
1248
1981
1693
2197
1259
1222
807
829
1564
912
1019
1019
1587
1753
1602
1563
4128
2477
2921
2489
5603
3688
4426
1255
3410
929
693
1092
1141
1049
886
1346
2126
871
1832
1024
2138
646
1218
1293
1268
2004
1736
855
1402
946
1415
1505
1807
1335
1613
1579
1127
1022
1116
1302
896
879
1686
1435
976
1782
1796
1664
1107
1271
2762
2529
2084
3405
1831
15783
6797
10002
1463
1828
1894
1793
1905
3359
4046
1028
2217
4764
12272
268
3732
235
299
3487
3980
96
182
2047
200
3034
2036
339
4807
3326
154
267
2949
2513
404
655
3393
7605
212
1789
173
268
7560
196
1692
209
3914
820
5169
168
3835
216
3783
349
3651
285
279
334
7101
314
387
276
6752
290
261
308
2635
6781
88
448
439
327
8699
74
260
377
3036
3274
229
1308
7059
108
1397
3785
181
4918
97
435
457
428
460
10125
94
553
585
488
535
465
556
1495
868
6267
615
552
12927
95
509
523
532
8343
90
446
3043
379
430
395
3428
423
3129
8241
102
391
404
403
431
458
491
11753
119
393
519
442
7457
541
522
630
667
665
646
691
963
635
719
811
735
858
21556
103
613
674
616
624
583
610
7915
584
7677
376
427
376
6825
349
424
477
486
486
9612
374
422
2061
709
699
688
663
10550
498
497
580
576
579
546
589
12134
316
291
5394
348
299
277
6954
674
785
838
299
7529
287
402
5311
348
3299
2353
2000
2000
271
3730
1999
249
316
5434
278
3723
216
3386
1582
1363
842
1500
1106
987
2341
3305
2191
1171
1705
701
670
991
332
134
125
41
