1
8
68
456

1
9
54
310
924

1
9
71
385
1614

1
9
44
99
296
703
2684

1
8
87
158
255
1278

1
11
63
117
248
994
2749

1
4
49
68
75
385
1873
969

1
5
67
91
188
724
3535

1
8
73
78
162
796
2650

1
7
76
139
140
895
6478

1
13
133
271
202
1369

1
16
73
264
213
1436

1
19
93
141
204
1371

1
24
141
266
307
2159

1
17
65
115
168
1276
2799

1
15
55
95
139
656
1756

1
9
23
37
81
358
943
1103
2579

1
5
14
23
53
180
480
1014
2258
6019

1
16
60
190
384
1381
5734

1
13
41
67
156
868
2702

1
17
70
139
224
1230
3754

1
20
122
194
538
1842

1
24
150
280
640
2857

1
23
134
245
458
2794

1
24
205
386
712
4693

1
22
173
324
698
3883

1
28
222
402
744
5134

1
30
132
202
517
2632

1
29
115
201
443
2687

1
23
82
141
328
1676

1
25
83
159
352
1604

1
23
268
513
826
3210

1
21
225
429
876
1277

1
25
170
347
799
1656

1
20
309
598
1057
1251

1
19
273
529
969
1084
2532

1
18
289
560
1016
1270
2813

1
17
226
423
821
1073
2819

1
15
168
321
575
805
1581
2276

1
11
72
113
232
529
1116
1606
9054

1
8
62
110
218
346
688
977
5334

1
10
76
144
307
505
1027
1465
5944

1
5
50
95
243
359
713
1005
5087

1
4
36
58
153
295
514
726
3257
12359

1
3
19
35
91
182
326
454
2075
3980
5559

1
7
28
49
126
307
551
783
1743
10528

1
6
36
54
105
172
856
1362
2158

1
6
31
56
86
230
787
1294
1880
6951

1
13
46
79
137
521
1084
1414

1
20
74
128
336
1306

1
17
89
161
320
1146
1646

1
13
63
113
256
849
1782

1
17
44
71
200
945
2078

1
16
78
144
249
695
1574

1
13
42
71
222
905
3068

1
11
26
41
101
402
904
1316
3934

1
21
183
357
599
1353

1
19
85
151
340
1288
4185

1
17
54
93
302
997
1646

1
21
82
145
334
1530
4700

1
30
107
184
349
1139

1
28
129
231
474
2428

1
24
73
124
286
1124
2393

1
28
82
136
348
1090
2017

1
27
143
258
518
4356

1
26
128
231
436
3741

1
31
171
312
492
1394

1
29
135
241
379
1232
2264

1
30
196
362
575
1517

1
31
351
671
1072
2049

1
30
301
564
986
2262

1
29
177
344
516
3735

1
36
173
279
545
2509

1
38
210
340
608
2942

1
38
110
182
701
2993

1
38
95
152
338
2190

1
39
96
153
246
2039

1
39
139
233
404
2086

1
37
148
271
435
2353

1
40
92
144
253
1780

1
35
114
203
318
1589

1
34
123
224
341
1447
2731

1
28
112
198
343
1247
2381

1
32
177
350
558
1585

1
32
167
334
541
1447
2762

1
32
183
344
555
1436
2755

1
32
99
158
607
1413
2646

1
35
198
344
558
1823

1
28
99
179
272
1101
2065

1
26
79
139
226
1944
5501

1
27
75
205
402
5557

1
25
124
1659
4175

1
26
146
1646
7365

1
29
202
3835

1
31
441
2716
35896

1
34
549
15072

1
43
820
22082

1
42
189
3010

1
41
168
3815

1
37
501
3570

1
42
190
3723

1
42
182
3926

1
49
479
6954

1
47
455
8534

1
45
140
1953

1
42
325
4437

1
40
342
9526

1
40
799

1
39
452

1
43
153

1
41
408

1
40
542

1
40
181
7364

1
39
160

1
41
104

1
39
273

1
44
229
4149

1
43
249

1
44
287
6250

1
43
284
4008

1
41
610

1
39
256
9798

1
43
255
6712

1
42
264

1
39
466

1
39
168
5938

1
39
135
5149

1
41
392

1
42
1275

1
38
358
6628

1
36
340

1
39
319

1
36
163
2999

1
36
254

1
33
397

1
33
178

1
31
302

1
31
161
3167

1
33
296

1
36
327
7681

1
35
201
1315

1
29
274

1
28
232

1
31
235

1
37
345

1
36
230

1
31
559

1
32
88

1
31
527

1
52
365

1
50
533

1
54
508

1
48
490

1
56
579

1
60
417

1
60
360
13169

1
58
396

1
54
365

1
60
485

1
62
162
4962

1
62
284

1
62

1
74
712

1
72
694

1
66
511

1
66
525

1
68

1
68
295

1
68
561

1
62
209
5678

1
66
237
5995

1
68
278

1
62
106
2295

1
64
83
13458

1
62

1
56
147
2394

1
58
228
6942

1
62
201

1
60
102

1
56

1
68
668

1
66
709

1
70
632

1
68
703

1
68
494

1
70

1
82
869

1
88
842

1
68
737

1
76
797

1
64
722

1
60
879

1
58
87
2500

1
70
1441

1
68
538
9794

1
68
913

1
62
834

1
70
726

1
70

1
64
756

1
60
762

1
66
756

1
72
381

1
70

1
64
629

1
68
146
5094

1
64
524

1
70
590

1
60
547

1
68
527
5312

1
72
595

1
68
517
4751

1
66
466

1
68

1
66
477

1
60
542

1
78
526

1
76
569

1
66
641

1
74
685

1
76
614
19222

1
78

1
74
493

1
72
653

1
68
572

1
66
254
12092

1
72
773

1
66
719

1
76
863

1
82
902

1
82
904

1
84
924

1
78
879

1
80
1330

1
78
860

1
82
956

1
88
1102

1
82
990

1
80
1195

1
82
914

1
76

1
72
835

1
72
904

1
70
825

1
68
731

1
64
783

1
60
672

1
52
297
12279

1
56
766

1
54
446

1
48
467

1
46
549

1
46
473

1
38
304

1
32
446

1
40
580

1
46
619

1
40
639

1
50
647

1
40
646
14147

1
40
466

1
44
515

1
42
141
2850

1
58
928

1
54
910

1
52
894

1
52
855

1
44
748

1
48
641

1
48
645

1
52
725

1
28
786

1
28
759

1
27
734

1
30
784

1
27
655

1
21
381

1
20
359

1
14
243

1
35
344

1
35
351

1
32
314

1
30
325
9759

1
36
949

1
32
1046

1
33
1154

1
32
351

1
19
571

1
17
346

1
15
489

1
16
362

1
15
474

1
13
154
4551

1
11
148

1
13
135

1
13
93

1
22
287

1
19
238

1
16
201

1
15
279

1
17
405

1
18
396

1
16
340

1
19
225

1
21
188

1
18
211
4058

1
15
116
2041

1
11
114
1679

1
13
80
1065

1
13
119
1938

1
8
74
1415

1
7
92
1270

1
6
23
271
3049

1
4
30
388
4572

1
3
13
141
3060

1
5
19
170
1484

1
6
55
414
2180

1
9
25
138
941

1
10
23
84
269
511

1
6
13
32
80
164
204
294
451
2169

1
5
10
19
31
65
50
68
82
96
110
124
138
152
166
180
194
208
222
236
250
264
278

1
2
4
6
8
10
12
14
16
18
20
22
24
26
28
30
32
34
36
38
40
42
44
46
48
50
52
54
56
58

1

1

