304
187
69
42
39
12
22
6
23
22
12
6
18
36
18
19
33
30
29
38
41
25
31
32
24
28
41
30
39
50
37
20
40
27
30
41
32
31
45
50
49
43
36
38
31
50
49
45
47
37
44
35
32
43
37
42
47
46
42
52
42
47
58
48
47
51
58
44
64
51
47
52
60
53
43
46
39
56
64
45
49
49
52
57
29
58
64
67
65
71
49
73
77
78
71
61
62
66
64
69
46
78
65
65
77
67
58
75
61
54
52
56
58
57
46
58
51
54
60
56
62
60
49
54
52
43
61
52
54
56
54
54
67
70
63
73
64
38
60
65
76
63
63
60
56
71
60
78
69
84
62
64
61
64
61
57
61
66
80
67
74
68
64
63
70
73
57
75
73
67
79
70
61
72
71
124
123
98
129
76
118
103
110
97
90
68
75
70
149
305
388
615
649
672
1161
1469
1270
1395
1366
1320
1439
1472
1463
1469
1484
1710
1577
1556
1644
1635
1433
1389
1379
1171
1276
1388
1481
1422
1409
1402
1182
1263
1282
1258
1264
1275
1112
1147
946
884
937
918
968
942
967
1219
893
805
753
709
796
881
820
963
926
924
897
838
863
898
854
954
741
863
860
918
1874
2080
3631
2815
1294
2712
23137
27484
30333
42631
46099
46148
43803
41731
46890
38818
30421
42466
36253
42560
43183
43459
44089
44924
45894
47424
42789
37687
33491
28266
29308
34469
34709
29550
38889
32717
37038
39586
38685
32656
32226
30178
32287
40428
29549
32955
41783
43979
50103
49067
44037
43138
41829
36340
35999
39727
39640
30191
25897
30774
43059
36009
34881
30266
30202
29204
32553
39857
34292
32934
29257
25479
27240
30422
27064
23399
24213
21548
20657
18512
19936
15939
13554
11241
8090
5054
4435
2863
2887
2774
1878
1489
1598
1348
591
275
97
33
9
6
3
115
43
39
