456
291
90
50
45
12
18
15
15
27
21
24
21
30
27
27
48
42
45
39
57
36
39
39
33
39
51
54
60
63
63
54
51
48
42
57
51
51
66
69
69
75
69
66
81
72
66
72
66
54
48
57
45
81
51
87
81
84
75
84
84
87
90
87
90
90
87
90
93
93
84
96
93
87
84
87
84
105
114
108
105
105
114
120
120
126
132
132
141
138
141
144
147
147
147
147
147
147
150
150
150
144
132
135
141
135
129
129
120
111
93
105
99
102
84
108
93
99
93
102
99
96
96
93
90
87
90
87
99
114
111
126
135
141
141
138
135
126
132
146
132
132
138
117
126
129
126
135
132
132
129
141
126
120
123
120
135
141
120
120
120
120
138
120
141
135
149
143
146
149
149
146
152
152
152
257
256
200
256
159
208
196
184
184
180
131
125
144
288
585
734
1163
1225
1274
2221
2751
2384
2513
2553
2485
2599
2720
2731
2683
2755
3127
2919
2809
3056
2886
2593
2536
2432
2077
2294
2436
2657
2505
2457
2451
2079
2257
2300
2244
2204
2066
1934
1976
1643
1526
1625
1587
1650
1574
1650
1595
1508
1421
1276
1171
1343
1451
1361
1612
1532
1536
1473
1401
1441
1483
1407
1585
1197
1430
1415
1492
3117
3440
5950
4421
2092
4375
38079
45112
49710
69474
75266
74693
71228
67312
75728
62368
48745
68039
58054
67265
68792
68402
67665
66602
66410
62913
62256
56175
51595
43492
45033
52146
52514
42960
57029
48922
55800
59686
58124
47959
45913
44030
44220
57159
42288
47491
59420
64859
71866
70334
63602
62957
60943
52630
50029
56923
57537
43962
37366
43855
61212
51447
48655
42679
42411
41255
45577
55728
48409
46588
40650
36123
38090
39422
38034
32774
34118
30312
28084
25626
27225
21962
17907
15515
11424
7075
5900
3694
4125
3943
2656
2062
2258
1923
841
387
111
21
9
6
3
1
1
1
