319
574
682
1537
1581
3077
392
740
2067
688
1355
1066
1087
2207
2504
2741
488
543
3347
2389
2041
2499
3099
2869
2246
3020
568
3111
501
3269
2450
440
1315
1109
1914
1313
2864
1939
1333
2031
2550
2652
2775
2671
2477
2670
2421
2425
1736
1988
1207
913
904
3662
3466
2323
936
2347
2877
1605
3220
418
833
930
1145
407
1955
2198
390
3022
2985
488
2912
411
2652
463
2342
474
3729
3081
474
4198
487
477
4467
2895
533
3325
1997
1953
414
3893
522
724
605
525
5072
966
628
620
823
617
638
778
752
1352
1062
5803
6685
8434
547
592
9575
415
595
561
569
603
7922
574
595
547
613
593
617
11069
515
592
482
523
490
7197
482
417
6549
5460
362
398
462
440
6995
409
406
7107
482
422
454
390
4073
341
4300
401
402
7286
411
462
369
614
616
766
634
514
564
11559
811
778
709
630
12360
489
507
456
459
742
670
13214
739
836
1168
923
1190
787
776
1085
935
1102
1040
1189
1027
1334
1133
1142
976
841
963
1177
1140
1170
1143
1238
1163
1058
1264
1287
1281
1098
29805
1164
1101
1246
1197
1174
1143
1346
1058
1223
1231
1217
1209
1070
1012
904
1265
943
1057
1134
1243
1095
1073
1279
1221
1342
1283
1193
1344
1197
1296
1205
1295
1080
1145
1147
1127
1007
996
33745
1088
1080
1035
1232
1279
1405
1388
1308
1202
1335
1317
1209
1260
1201
1151
1174
1161
1040
981
973
769
19412
652
633
529
590
679
713
698
737
766
742
743
16513
606
659
626
557
540
509
10505
371
374
5256
272
3728
209
1868
2213
2094
1165
1014
534
945
4406
863
772
2501
837
683
1969
2537
912
1986
304
62
115
39
32
