27
34
61
197

1
18
73
109
373

1
11
47
139
484

1
11
55
31
138
1301

1
11
50
41
151
1327

2
14
59
49
213
2740

2
30
47
46
267

1
11
17
20
74
617

1
11
43
32
49
304
1627

1
13
56
40
67
511

1
19
77
72
109
1077

1
19
69
75
85
817

1
25
62
57
83
859

2
27
109
107
158
1804

2
24
91
101
159
2127

1
31
104
116
151
2338

1
35
121
135
196

1
30
122
142
248

2
34
106
125
198
2882

1
29
87
100
144
2028

1
23
88
92
127
1710

1
22
91
90
166
2129

1
28
99
102
182
2687

1
18
107
87
162
2494

1
17
79
78
157
1914

1
27
96
103
189
2604

2
27
136
150
253

0
25
110
129
199
2648

1
28
124
141
207

1
23
108
124
200
2813

2
25
104
106
150
2063

1
25
112
121
181

2
21
80
67
90
1055

2
9
60
57
83
898

1
23
99
98
142
1551

2
17
80
64
95
1055

2
30
102
114
170
2446

2
27
74
82
137
1617

1
13
62
54
104
1099

1
12
62
47
132
1777

1
10
86
104
160
2189

2
24
114
108
157
2247

1
19
100
107
177
2371

1
22
96
107
166
2279

2
7
79
87
169
2133

2
18
114
100
184
2252

2
16
92
99
171
2041

1
19
92
86
159
2068

1
15
71
65
123
1461

1
20
87
87
147
1646

1
14
68
60
96
968

1
12
63
50
87
700

1
11
59
46
68
719

1
9
46
36
58
502
3010

2
8
51
33
58
449
2865

1
9
46
28
48
409
1782

0
12
59
56
84
725

1
9
42
25
52
376
1842

1
8
57
28
44
468
2271

2
25
78
76
92
1332

1
14
63
32
39
369
2702

1
16
32
35
30
304

2
29
41
35
44
682

2
27
42
40
45
774

2
35
50
44
54
960

2
30
111
115
149

2
29
76
76
90
1682

2
40
82
79
95
1900

2
39
114
106
129

2
40
91
102
133
2654

1
17
89
101
125
2652

3
43
123
139
180

2
45
90
103
122
2550

2
42
117
114
136

2
36
79
90
107
2338

2
46
118
131
166

1
41
70
82
100
2048

2
33
118
142
179

3
41
107
128
155
3295

2
35
111
142
131
2660

2
32
120
138
182

2
32
126
143
188
3707

2
48
126
137
174

2
33
124
138
180

2
42
121
134
177
3991

1
30
80
95
118
2571

2
48
129
161
193

2
52
96
104
127
2944

1
41
55
62
77
1761

1
18
55
63
77
1739

2
34
103
118
157

2
28
99
122
153
3489

3
43
87
172
217

2
50
149
227
296

2
52
121
190
240

2
38
92
177
216

2
35
67
149
172
4647

2
48
134
782

0
19
117
492

2
46
159
413

4
50
142
627

2
48
108
459

3
60
131
444

3
45
214
516

3
44
217
488

2
58
215
473
604

2
48
225
787

3
43
272
5485

2
58
302
6323

3
51
283
8097

2
60
485

3
54
535

3
45
389
9138

2
49
364

3
50
542

3
48
510

3
53
513

3
51
549

3
44
448
7427

0
38
536

2
46
547

3
36
508

3
43
567

0
37
556

2
55
560

0
19
501
10549

3
53
459

3
56
533

3
42
437

3
44
476

3
53
434

3
47
355
6792

3
67
412

3
48
366

2
47
360
6140

2
41
314
5103

2
47
313

2
35
361

2
40
420

2
48
390

2
46
372
6575

2
43
364

3
43
360

2
45
347
6713

2
40
440

3
37
382

3
56
395

2
56
332

0
38
319
3716

2
48
291

3
45
291
3961

2
56
343

3
61
338

3
50
352
6881

2
63
346

3
55
404

3
48
318

3
57
554

2
48
566

3
60
703

3
51
580

3
50
461

3
64
497

3
62
470
11024

2
50
759

1
31
746

3
65
641

3
55
572

3
46
345
11966

3
43
443

2
57
448

1
31
424

2
51
406

2
45
695

3
56
611

2
41
408

3
54
682

3
54
779

3
53
1112

3
50
870

4
59
1127

2
46
739

3
46
727

3
67
1015

2
57
876

3
46
1053

2
45
993

3
46
1140

2
55
970

3
68
1263

3
46
1084

3
65
1074

3
51
922

3
33
805

3
65
895

2
35
1140

3
69
1068

3
57
1110

3
55
1085

3
58
1177

1
26
1136

3
62
993

3
60
1201

2
59
1226

3
60
1218

3
54
1041

3
66
891

3
60
1101

2
73
1026

3
67
1176

3
66
1128

3
72
1099

2
42
1099

1
51
1294

3
77
978

3
61
1159

3
61
1167

5
56
1156

3
66
1140

3
63
1004

3
56
953

3
60
841

1
57
1207

2
64
877

4
58
995

3
63
1068

2
49
1192

3
62
1030

3
56
1014

3
65
1211

4
57
1160

2
63
1277

3
66
1214

3
66
1124

3
66
1275

3
63
1131

3
75
1218

3
65
1137

3
57
1235

3
66
1011

3
61
1081

3
71
1073

4
81
1042

4
73
930

3
63
930

3
61
832

2
51
1035

3
69
1008

3
57
975

3
66
1163

3
76
1200

3
73
1329

3
73
1312

3
72
1233

3
63
1136

4
58
1273

2
61
1254

3
66
1140

2
77
1181

2
60
1139

3
61
1087

3
57
1114

3
62
1096

3
66
971

2
64
915

2
56
915

2
54
713

3
42
683

2
52
598

2
48
583

2
58
469

3
59
528

3
59
617

2
51
660

2
58
638

2
56
679

2
50
714

3
62
677

2
50
691

2
53
643

2
54
550

2
57
600

2
51
573

2
46
509

2
43
495

2
42
465

1
52
414

2
50
319

2
40
332

1
47
293

1
32
239

2
37
189

1
48
160

2
45
120
1701

1
33
153
2026

1
29
165
1899

2
30
105
1028

1
25
94
894

1
30
52
451

0
8
64
873

1
23
50
477
3855

1
27
86
749

1
25
82
664

1
22
59
344
2075

1
33
94
709

1
31
73
578

1
29
77
383
1479

2
28
63
562
1882

1
20
46
205
640

1
19
33
78
162
582
1111

1
9
11
16
15
11
8
8
9
8
9
9
9
10
13
10
9
10
10
11
10
10
11
10
12
10
11
12
11
11

0
2
2
2
2
2
2
2
2
2
3
5
3
3
3
2
3
4
2
1
2
2
1
2
1
1
2
2
1
1

115

39

32

