1
8
68
456

1
9
73
310
1120

1
9
72
396
1614

1
9
68
127
473
3846

1
8
89
170
530
3950

1
11
105
199
721
7234

1
18
107
196
816

1
11
39
67
241
1799

1
8
66
124
209
890
4903

1
10
91
172
296
1535

1
14
157
300
503
3177

1
14
135
256
408
2424

1
17
126
235
380
2520

1
19
218
417
690
5158

1
23
223
423
690
5970

1
24
239
454
723
6582

1
21
285
549
908

1
20
296
572
1036

1
20
268
516
880
8033

1
18
211
404
663
5731

1
17
197
377
600
4800

1
16
191
366
647
5884

1
17
219
421
765
7389

1
14
183
352
672
6651

1
12
164
316
634
5282

1
15
219
423
793
7112

1
20
317
614
1058

1
17
257
497
862
7313

1
18
275
532
914

1
17
255
493
856
7596

1
19
225
431
695
5689

1
18
255
492
812

1
14
143
272
422
2952

1
12
117
222
363
2526

1
12
149
286
478
3461

1
11
135
259
428
2874

1
19
238
457
755
6593

1
13
170
327
578
4425

1
9
111
213
409
3004

1
8
99
190
468
4442

1
13
197
381
682
5851

1
16
212
408
686
6017

1
13
211
409
736
6247

1
15
203
391
688
5999

1
12
180
348
670
5673

1
12
205
398
740
6019

1
11
190
369
687
5417

1
13
176
339
643
5438

1
10
135
260
489
3827

1
14
178
342
607
4388

1
10
121
232
411
2600

1
7
84
161
304
1898

1
7
82
157
281
1911

1
6
65
124
234
1360
8322

1
6
68
130
238
1240
7784

1
6
51
96
189
1103
5073

1
10
111
212
347
1982

1
5
50
95
194
1028
5175

1
5
53
101
182
1235
6387

1
19
153
287
433
3491

1
9
67
125
183
1009
7300

1
11
50
89
138
822

1
22
85
148
211
1791

1
23
92
161
230
2023

1
25
105
185
265
2459

1
27
241
455
700

1
26
166
306
446
4365

1
28
174
320
467
4881

1
33
231
429
631

1
30
219
408
607
6736

1
30
217
404
601
6701

1
28
288
548
833

1
30
216
402
593
6416

1
31
240
449
661

1
33
196
359
522
5899

1
32
275
518
776

1
31
183
335
487
5216

1
32
294
556
842

1
32
264
496
737
8318

1
30
228
426
626
6643

1
28
288
548
833

1
27
287
547
848
9310

1
28
284
540
819

1
28
278
528
819

1
29
278
527
817
9625

1
30
204
378
566
6426

1
33
305
577
890

1
33
220
407
608
7331

1
33
143
253
371
4269

1
33
144
255
374
4324

1
31
248
465
721

1
31
244
457
708
8629

1
36
217
554
927

1
35
322
777
1283

1
36
251
630
1039

1
38
212
554
918

1
36
161
438
735
11388

1
38
322
2075

1
42
296
1366

1
41
391
1247

1
47
346
1647

1
49
278
1255

1
48
327
1249

1
40
500
1551

1
37
500
1493

1
37
501
1450
2472

1
38
543
2147

1
38
632
12854

1
40
673
14824

1
40
666
18742

1
41
1106

1
44
1225

1
45
889
20890

1
45
845

1
46
1243

1
45
1165

1
45
1171

1
43
1241

1
40
998
17182

1
41
1210

1
42
1201

1
41
1136

1
42
1254

1
42
1221

1
41
1199

1
41
1119
23880

1
43
1018

1
43
1164

1
42
977

1
41
1066

1
42
933

1
40
803
15312

1
43
873

1
42
794

1
37
790
13846

1
34
689
11529

1
34
674

1
33
786

1
37
888

1
34
841

1
31
743
13973

1
31
770

1
34
777

1
35
740
14711

1
37
944

1
36
820

1
39
813

1
40
698

1
40
696
8215

1
39
633

1
41
632
8763

1
38
728

1
40
729

1
37
744
14805

1
42
721

1
43
834

1
39
656

1
49
1169

1
41
1148

1
53
1467

1
49
1214

1
48
965

1
47
1037

1
46
966
22745

1
46
1555

1
45
1487

1
46
1291

1
46
1153

1
39
717
24123

1
38
882

1
37
898

1
37
854

1
37
790

1
34
1382

1
51
1227

1
35
778

1
34
1340

1
42
1557

1
44
1934

1
36
1684

1
52
2214

1
35
1434

1
32
1370

1
46
1966

1
35
1665

1
39
2004

1
37
1886

1
41
2161

1
37
1845

1
49
2350

1
41
2037

1
43
2005

1
44
1711

1
41
1516

1
45
1619

1
47
2105

1
44
1976

1
50
2046

1
50
2000

1
49
2102

1
44
2019

1
42
1768

1
47
2160

1
48
2202

1
45
2113

1
41
1853

1
41
1571

1
47
1930

1
47
1800

1
48
1964

1
48
1962

1
48
1918

1
50
1910

1
56
1863

1
55
1680

1
57
2013

1
56
1974

1
54
1803

1
54
1959

1
51
1711

1
49
1629

1
47
1434

1
51
1651

1
46
1444

1
52
1693

1
50
1769

1
51
2003

1
47
1708

1
48
1637

1
49
1992

1
49
1901

1
50
2095

1
56
2015

1
53
1860

1
51
2085

1
50
1852

1
53
1996

1
52
1857

1
52
2011

1
52
1655

1
53
1785

1
54
1763

1
53
1690

1
51
1520

1
52
1512

1
51
1352

1
50
1654

1
48
1607

1
48
1530

1
53
1842

1
52
1901

1
53
2101

1
52
2051

1
50
1943

1
48
1781

1
45
1961

1
46
1957

1
46
1776

1
45
1820

1
45
1740

1
45
1694

1
48
1725

1
47
1686

1
45
1492

1
44
1416

1
40
1401

1
38
1093

1
37
1036

1
34
911

1
33
882

1
32
718

1
34
780

1
34
936

1
33
987

1
30
954

1
34
1023

1
33
1059

1
33
969

1
32
1023

1
34
957

1
32
805

1
36
896

1
33
850

1
27
738

1
26
715

1
27
670

1
25
557

1
22
447

1
21
408

1
21
421

1
18
338

1
17
271

1
17
221

1
14
168
2541

1
18
215
3012

1
16
207
2837

1
15
143
1559

1
12
111
1336

1
12
65
684

1
10
95
1291

1
7
62
701
5956

1
9
98
1098

1
10
89
993

1
7
53
520
3263

1
12
106
1074

1
13
94
874

1
11
66
575
2568

1
13
85
845
3374

1
8
38
277
1121

1
7
27
116
321
1088
2524

1
3
7
13
22
31
40
49
58
67
76
85
94
103
112
121
130
139
148
157
166
175
184
193
202
211
220
229
238
247

1
1
2
3
4
5
6
7
8
9
10
11
12
13
14
15
16
17
18
19
20
21
22
23
24
25
26
27
28
29

1

1

1

