516
1392
2350
554
2357
494
3331
1568
876
1443
6221
1814
1118
1160
2474
1468
964
1141
1509
1714
1959
1306
787
1011
3418
2037
1300
1178
1454
659
1110
884
1532
741
1306
1675
995
859
912
4223
924
2095
3994
1301
1750
5380
1212
1174
1117
2030
1802
1705
2091
2363
1975
2108
2601
1320
1110
2310
2246
1295
1672
1148
1200
1702
1855
2158
2483
1954
3439
1576
5228
2572
1791
1292
2875
4066
3999
2957
3015
2130
1388
2433
2645
1673
856
6335
745
4568
2018
3277
419
2096
2203
590
3216
2655
581
1936
2315
2387
1463
550
104
208
9
