16
31
16
47
109
297

0
11
39
41
226
1075

0
11
34
61
366
1878

1
3
58
80
412

3
10
38
105
240
1961

0
16
47
62
369

3
7
37
60
292
2932

0
4
8
36
156
1364

0
7
37
140
692

3
8
65
222
1145

0
7
44
120
699
5351

4
9
54
200
1547

3
11
85
154
865

3
11
71
134
941

0
8
53
91
311
2011

0
5
26
70
246
1121

3
13
73
241
634

4
10
74
294
759

0
0
94
468
947

3
16
73
205
1417

1
14
73
244
1627

1
7
35
168
1095

3
15
50
103
616

4
19
39
104
845

1
12
38
71
306
2990

0
23
19
48
168
1779

1
14
22
37
80
482
664

2
11
20
28
94
402
621

1
15
38
35
106
554
705

1
15
19
11
38
304
271

1
20
25
15
26
127
141
174
581

1
12
24
20
37
112
384
294

1
12
28
36
64
258
458
675

1
16
23
28
49
213
208
203

1
20
21
24
45
213
143
206
633

1
17
31
30
32
259
304
1001

1
17
19
21
23
128
133
169
484

1
17
19
22
22
236
319
223

1
15
30
23
30
114
131
151
417

1
14
18
20
25
114
114
130
395
3392

1
14
18
11
23
146
128
141
442

1
7
11
17
25
66
66
71
220
1611

1
8
16
20
23
98
167
126
435
3100

0
13
14
15
28
250
152
252
577

1
13
16
11
27
207
347
216
912

1
11
14
17
26
111
127
197
537
4339

0
14
16
18
36
131
152
172
673

1
10
18
9
26
92
144
162
712

1
12
16
17
44
341
338
348

1
12
14
17
34
253
234
253
1212

1
15
17
21
47
152
221
210
1118

1
8
11
9
27
137
208
238
1066

1
11
7
7
30
115
371
294
1255

0
12
14
11
33
165
311
294
1523

1
14
16
18
45
216
226
255
1184

1
11
15
16
35
165
246
251
1368

1
15
16
10
43
254
331
304
1627

2
16
16
20
38
270
516
442

0
9
9
15
46
395
636

1
12
17
16
32
252
231
257
1492

1
12
21
17
38
200
229
303
1425

2
14
16
9
33
241
335
645

1
14
22
19
60
349
536
671

1
17
15
15
68
435
597

1
11
11
16
55
321
372
413

2
17
19
18
44
365
513
724

1
16
16
11
64
432
614
701

0
14
18
23
74
370
795
864

1
16
21
14
83
806
1542

2
15
16
11
90
571
1249

1
15
22
17
107
820
2457

1
13
27
20
104
1411

1
17
32
31
119
1016
4012

1
13
15
9
83
765
1686

0
12
21
19
84
369
1286

0
14
21
15
53
314
875

1
6
10
12
46
439
2361

1
14
23
14
116
768
3130

1
13
25
31
97
653
3179

1
10
22
35
150
403
2336

0
5
8
8
53
357
2584

3
12
51
32
198
1834

1
9
51
37
159
1131

1
14
62
29
225
2102

0
13
92
35
220
2285

1
12
59
53
149
1399

2
16
95
127
616

1
22
84
55
414
5759

3
23
79
63
577

4
22
71
50
381
4040

1
16
61
40
183
1717

4
14
58
32
282
2887

0
19
59
47
294

0
14
58
38
199
1787

0
7
63
50
249
1834

1
11
71
32
475

0
14
75
35
317
2775

0
16
61
27
246
2305

0
20
130
61
370

0
12
42
23
194
1665

1
11
61
58
298
1886

1
7
43
31
108
431
1766

1
8
50
43
93
380
888

0
8
11
15
25
27
42
79
80
54
65
70
74

1
1
2
2
4
3
4
5
6
5
4
4
4
4
4
4
4
3
3
4
3
5
3
4
4
4
3
3
2
2

208

9

