1
3
15
51
202
873

1
5
30
130
741
3916

1
6
36
186
1059
6672

1
7
49
245
1330

1
9
45
180
837
6420

1
9
45
216
1091

1
6
36
174
1080
8641

1
4
20
88
555
3774

1
6
36
246
1700

1
7
56
462
3309

1
4
36
292
2326
16102

1
7
84
679
5042

1
10
80
470
2801

1
9
90
486
2488

1
4
40
236
1118
6263

1
2
20
124
586
3618

1
7
77
490
2121

1
9
81
693
2819

1
10
90
610
2788

1
13
78
533
3691

1
12
84
612
4416

1
9
63
468
3002

1
11
55
264
1731

1
12
60
348
2154

1
10
40
160
898
8434

1
11
33
121
585
5625

1
11
22
44
172
1520
2962

1
10
20
30
100
785
2213

1
11
33
55
188
1632
3243

1
12
25
38
91
632
1234

1
11
22
33
66
382
720
1059
2357

1
10
21
32
57
299
843
1425

1
10
30
50
95
470
1659
3042

1
13
26
40
68
401
753
1202

1
13
26
40
67
387
726
1186
2543

1
14
28
55
116
821
1555
3682

1
13
26
39
64
358
671
1006
2004

1
14
28
42
68
396
745
1105

1
13
26
39
64
355
665
985
1979

1
12
24
36
60
315
587
859
1737
9534

1
12
24
36
65
357
651
945
2039

1
9
18
27
45
192
340
488
1015
4771

1
9
18
27
59
312
569
826
1851
9013

1
10
20
30
67
418
773
1128
2552

1
11
22
33
78
526
979
1432
3481

1
9
18
27
59
342
625
908
2231
12992

1
11
22
33
70
423
776
1129
2775

1
8
16
24
55
300
648
996
2666

1
10
20
30
82
550
1163
1776

1
10
20
30
65
407
925
1443
4208

1
9
18
27
66
387
821
1255
3716

1
9
18
27
68
418
897
1376
3918

1
8
16
24
59
338
757
1176
3292

1
9
18
27
76
519
1149
1779
5248

1
10
20
30
71
471
1009
1547
4310

1
9
18
27
70
459
990
1521
4517

1
9
18
27
74
511
1101
1691
5031

1
11
22
33
99
816
1741
2666

1
11
22
33
106
906
1959

1
10
20
30
71
509
1049
1589
4557

1
10
20
30
71
507
1045
1583
4578

1
11
22
33
86
693
1483
2273

1
11
22
33
104
874
2177
3480

1
12
24
36
115
978
2334

1
11
22
33
79
577
1380
2183

1
13
26
39
118
1033
2241
3449

1
12
24
36
126
1101
2509
3917

1
10
20
30
123
988
2375
3762

1
12
28
44
173
1748
5307

1
11
22
33
142
1312
3895

1
11
26
41
192
1947
7324

1
14
37
60
287
3386

1
12
33
54
265
2839
12061

1
10
20
30
143
1291
4519

1
9
20
31
130
1037
4017

1
8
16
24
90
592
2572

1
7
19
31
134
1034
5862

1
10
25
40
171
1556
8248

1
10
25
40
177
1617
8793

1
7
19
31
135
994
5788

1
6
18
30
143
1020
6188

1
8
55
102
579
4769

1
6
43
80
433
3116

1
8
70
132
620
5183

1
10
82
154
693
5951

1
9
63
117
441
3227

1
12
110
208
1219

1
14
137
260
1203
13150

1
12
154
296
1470

1
12
89
166
963
10156

1
11
57
103
511
4632

1
9
75
141
814
6984

1
9
86
163
875

1
8
57
106
584
4571

1
7
61
115
625
4427

1
8
79
150
925

1
8
83
158
913
6777

1
7
66
125
713
5329

1
10
98
186
1049

1
6
52
98
523
3668

1
8
67
126
609
4174

1
6
37
68
260
1202
4588

1
6
32
58
169
560
1728

1
3
10
17
35
60
108
156
236
342
458
574
696

1
1
2
3
5
7
9
11
13
15
17
19
21
23
25
27
29
31
33
35
37
39
41
43
45
47
49
51
53
55

1

1

