22
32
50
261

1
14
39
66
216
695

1
13
33
79
289

1
3
15
36
193
4032

0
7
17
105
654

2
20
47
369

1
8
48
173
420
270

1
12
45
199
374
1492

1
12
23
197
283
981

1
10
28
75
289
967

2
18
26
418
587

1
17
24
405
686

1
15
23
160
566

1
22
27
218
699

1
18
23
94
668

1
21
34
142
1086

1
20
32
121
867

1
25
31
119
873

1
18
26
146
924

8
18
32
260
1582

1
20
24
143
1287

1
40
28
1105

1
6
22
196
1155

2
40
32
147
997

1
21
23
127
1371

1
21
19
123
1407

1
17
30
116
706
1608

1
11
13
107
949
1458

1
18
28
129
1051
1652

1
14
36
143
862
1313

1
24
54
132
1078

1
20
36
120
870

1
22
38
114
1014

1
27
35
168
1754

1
27
40
160
1538

1
23
32
181
1788

2
33
39
186
1769

2
26
53
180
1325

1
27
73
154
1025

1
26
61
176
1176

1
31
47
201
1143

2
27
51
477
3815

2
29
76
619
5559

1
24
61
538
4691

1
22
60
584
3718

1
19
66
601
3349

1
23
62
600
2666

1
16
63
591
2279

1
16
65
462
2375

2
12
57
530
1695

1
10
50
580
1127

2
7
65
722
1876

1
35
81
834

2
24
84
877

1
25
77
924

2
23
65
1040

2
21
54
604

2
23
55
578
3299

2
32
47
555

0
23
48
593
5397

2
22
52
627

2
37
56
1060

2
34
67
988

2
41
72
1238

2
35
72
1666

2
37
76
1933

2
24
63
1897

2
37
54
1566

2
33
44
1431

2
47
52
1969

2
56
57
959

3
51
51
1304

2
49
51
921

3
57
61
1372

2
51
66
1421

3
52
82
2172

3
57
70
2896

2
50
118
6476

1
24
693

3
49
73
1907

1
39
99
3012

3
54
86
2738

3
52
81

3
43
102

2
39
70
2284

2
51
82
2254

3
46
165

2
49
238

3
59
326

3
65
281

3
61
656

4
59
254

3
62
291

3
60
275

3
61
355

3
58
512

3
67
196

1
32
154

3
63
254

3
73
172

3
63
251

4
65
140

4
67
165

3
68
227

3
64
237

3
70
131

4
69
291

3
74
322

3
70
143

3
70
198

3
59
160
8819

3
64
370

3
61
268

2
37
292

3
65
263

3
61
216
9180

1
64
129

4
64
158

3
62
263

4
76
263

2
72
235

1
38
170

4
72
242

3
53
466

3
57
607

2
60
683

2
61
520

4
59
250

3
65
644

3
60
583

3
73
133
1745

4
62
139
5443

3
57
117
3765

3
65
120
3608

3
60
290

3
64
154

4
64
286

4
74
155
4218

4
56
197

3
65
130
9099

3
87
1339

3
64
144

4
68
137

2
67
1805

3
50
231

3
61
235

4
79
238

3
79
711

1
51
415

4
65
345

3
62
280
7380

3
77
1391

3
75
607

4
72
1451

3
81
1363

3
64
494

3
60
423

4
72
210
7332

3
74
183
5607

4
75
185

3
68
170

3
66
163
4663

3
70
199

2
67
174
4750

3
77
149

3
70
270

2
66
240

3
69
233
10488

3
72
191

4
70
190

4
62
198

2
65
577

3
69
838

1
60
232

3
67
293

2
44
238
13894

4
66
371

3
70
259

3
76
178

3
68
132

2
76
119
2377

3
77
140
2375

2
71
108
2178

3
61
175

2
62
531

3
61
891

3
59
1025

3
66
1243

3
79
696

3
75
441

2
68
335
10660

2
54
1118

3
84
412

3
83
1072

2
73
812

2
60
477

2
71
1088

2
73
919

2
65
938

2
67
732

2
68
867

2
58
730

3
54
874

2
71
669

3
69
869

2
55
814

2
72
779

2
47
562

2
62
756

2
64
431

1
60
508

2
54
503

2
74
709

2
53
593

2
51
584

2
57
741

2
69
674

2
58
160
2876

2
54
581

1
52
200
5150

2
57
120
2975

1
54
273

2
50
357

2
55
301

2
50
281

1
52
289
2937

0
23
322
3193

1
48
207

2
40
301

1
50
261

1
62
190
3354

2
37
213

2
47
197

1
51
166
2753

1
58
111

2
33
170

1
43
51
1257

1
33
46
582

2
16
73
1184

1
42
57
736

1
29
60
628

1
44
51
413
3696

1
34
56
469
2387

1
23
56
350
2325

1
25
42
176
446

0
13
30
89
162
570

1
18
18
45
101
224
457

1
10
17
64
230
388
836

1
20
33
40
118
206
599

1
14
16
27
34
107
134
168
252
916

1
19
18
21
20
38
25
34
32
33
34
35
35
38
37
38
38
38

1
5
6
6
6
6
6
3
4
2
3
2
3
4
3
2
3
2
3
2
3
2
3
2
2
3
2
4
2
3

124

