365
1031
415
4280
783
438
920
2123
1497
1370
1051
1133
765
967
804
1284
1041
1049
1115
1900
1475
1174
1380
1218
1543
1571
2478
2539
2879
2369
1289
1047
1189
1985
1766
2025
2029
1586
1280
1440
1423
4372
6285
5315
4385
4036
3352
2950
2919
2296
1768
2672
951
987
1027
1130
681
3957
636
6061
703
1155
1091
1353
1775
2048
1986
1659
1510
2070
1074
1409
1023
1493
1540
2309
3026
6646
718
2032
3151
2881
7376
148
2395
2389
214
289
388
349
720
317
356
14434
419
573
266
6741
320
248
317
209
236
298
12372
204
364
399
216
271
9041
437
332
331
331
9460
194
226
328
343
309
11220
318
522
667
745
583
313
712
646
1954
5648
3942
3796
353
221
354
4451
257
9297
1429
211
209
1874
284
299
321
793
467
414
7725
1471
685
1527
1447
561
486
7618
5867
264
241
4895
272
4993
229
343
308
10793
266
264
264
644
910
293
363
14178
441
332
257
203
2574
2595
2359
239
595
955
1087
1312
778
519
11065
1174
499
1158
887
539
1161
994
1005
801
937
790
931
742
941
871
853
24436
820
497
569
559
785
648
637
800
745
3096
637
5403
3154
9650
409
358
333
3279
3538
4084
343
312
3607
3737
246
2971
2783
205
1352
662
1275
836
718
4205
2947
2755
690
864
864
1546
1017
1669
534
98
124
