1
8
35
516

1
8
35
145
499
2208

1
9
38
223
845

1
9
47
100
567
12561

1
11
32
285
1794

1
12
97
1046

1
6
60
480
1302
916

1
6
66
546
1071
4495

1
8
25
539
810
2985

1
8
26
196
803
2976

1
11
30
1134
1597

1
13
37
1119
1909

1
11
32
415
1537

1
16
41
602
1919

1
13
34
244
1818

1
16
41
360
2827

1
13
34
264
2170

1
17
41
294
2296

1
13
35
335
2435

1
17
44
679
4071

1
14
38
354
3340

1
17
46
2794

1
15
42
506
2996

1
17
44
314
2616

1
15
40
312
2906

1
14
37
300
3563

1
12
33
271
1871
5020

1
15
38
263
2387
4787

1
13
38
313
2692
5475

1
10
31
314
2241
4439

1
16
56
322
2704

1
16
62
295
2214

1
17
66
280
2516

1
16
68
385
4312

1
16
68
395
3770

1
18
75
425
4391

1
17
73
449
4325

1
18
88
422
3287

1
18
111
379
2573

1
18
121
423
2911

1
20
85
471
2872

1
23
102
1146
9470

1
19
118
1476
13750

1
17
111
1278
11484

1
14
104
1347
9281

1
12
81
1407
8440

1
13
95
1404
7043

1
10
102
1383
6087

1
9
70
1089
6090

1
8
62
1224
4631

1
6
64
1341
3444

1
4
95
1647
5302

1
19
153
1907

1
15
160
1962

1
16
110
2079

1
15
111
2325

1
16
89
1347

1
12
78
1269
7912

1
18
81
1218

1
15
81
1314
12481

1
14
82
1373

1
24
109
2305

1
24
127
2149

1
30
138
2658

1
23
137
3579

1
26
128
4111

1
18
106
4003

1
21
85
3127

1
22
80
2961

1
42
120
4062

1
45
123
2013

1
44
118
2752

1
38
112
1918

1
44
136
2842

1
44
146
2934

1
46
150
4375

1
38
145
5841

1
30
224
13027

1
43
1409

1
43
131
3702

1
44
157
5824

1
39
142
5228

1
36
132

1
37
167

1
32
117
4402

1
36
130
4187

1
42
305

1
35
452

1
50
617

1
50
518

1
46
1257

1
59
482

1
56
553

1
59
519

1
50
670

1
56
977

1
56
365

1
47
284

1
53
478

1
57
324

1
58
479

1
60
254

1
62
309

1
59
413

1
60
434

1
59
241

1
56
540

1
53
580

1
58
258

1
55
361

1
53
286
16185

1
53
678

1
49
490

1
50
526

1
50
479

1
49
390
16752

1
49
228

1
47
266

1
58
466

1
63
453

1
57
415

1
60
293

1
54
433

1
49
829

1
47
1082

1
50
1196

1
48
919

1
53
445

1
54
1140

1
53
1032

1
56
235
2939

1
57
241
9380

1
54
199
6450

1
56
204
6162

1
54
484

1
53
269

1
61
499

1
59
273
7191

1
53
341

1
52
223
15552

1
56
2284

1
56
246

1
61
225

1
54
3072

1
57
382

1
56
385

1
56
371

1
56
1198

1
57
681

1
61
580

1
57
457
12237

1
58
2305

1
61
998

1
55
2352

1
58
2250

1
49
802

1
50
657

1
59
335
11694

1
49
272
9047

1
60
283

1
58
268

1
56
259
7459

1
58
317

1
59
278
7606

1
55
240

1
54
420

1
55
372

1
58
369
12707

1
61
298

1
61
304

1
54
306

1
56
908

1
58
1325

1
58
368

1
58
462

1
54
373
21766

1
58
577

1
55
401

1
55
273

1
53
208

1
51
188
3677

1
52
218
3667

1
48
174
3341

1
49
280

1
49
827

1
46
1373

1
48
1564

1
55
1925

1
58
1059

1
55
682

1
49
526
16291

1
49
1706

1
55
549

1
52
1630

1
52
1214

1
46
724

1
48
1609

1
46
1390

1
43
1399

1
41
1089

1
41
1269

1
42
1091

1
41
1300

1
41
976

1
38
1221

1
39
1187

1
42
1158

1
30
816

1
39
1093

1
35
631

1
27
737

1
27
733

1
39
1043

1
32
856

1
32
834

1
40
1083

1
35
945

1
35
222
4116

1
33
800

1
30
291
7322

1
29
173
4246

1
29
389

1
29
512

1
31
418

1
29
393

1
26
407
4154

1
23
325
4120

1
21
287

1
24
422

1
24
366

1
21
264
4741

1
21
290

1
19
270

1
19
228
3767

1
20
153

1
18
227

1
18
71
1727

1
15
60
811

1
15
101
1653

1
14
70
1051

1
14
67
896

1
15
68
603
5454

1
12
70
684
3635

1
9
65
513
3636

1
9
36
259
794

1
7
26
131
295
1066

1
7
19
67
197
481
984

1
5
13
75
368
844
1612

1
7
24
64
213
492
1219

1
5
15
35
73
274
356
443
687
3134

1
4
13
31
53
85
93
157
193
229
265
301
337
373
409
445
481
517

1
2
4
6
8
10
12
14
16
18
20
22
24
26
28
30
32
34
36
38
40
42
44
46
48
50
52
54
56
58

1

