700
471
2215
1195
1000
836
1661
1984
1455
2521
6965
1112
859
1076
1404
1139
1402
983
1641
2562
6
1274
1222
1122
3084
1317
3389
1985
2509
1137
7879
1146
3224
3294
3183
2865
2000
2001
734
1787
1048
772
1392
1467
1134
1859
1364
1218
6815
2159
1209
1078
1337
1456
870
774
1014
1334
1253
1296
1450
2204
2600
1726
3206
2986
1422
3042
1669
1617
1837
1898
2618
1356
2287
1383
1156
3756
1519
2574
1201
884
871
2132
1232
1295
1759
2042
2729
2591
2780
1685
6841
9
9
9
2348
2710
2312
2075
2056
1720
391
673
188
68
73
66
48
