96
11
14
39
87
139
314

1
6
23
51
167
223

1
7
35
69
344
238
1521

3
7
29
102
551
503

1
10
36
99
854

0
9
34
76
717

1
9
44
130
1477

1
5
38
162
1778

1
5
40
157
1252

1
6
20
43
197
329
1925

1
8
34
33
78
625
6186

2
4
17
88
168
833

1
9
33
135
681

1
8
35
114
918

1
7
33
80
492
791

1
6
10
57
374
691

1
5
11
23
104
252
1006

1
3
16
52
192
719

1
9
25
32
80
392
1102

0
2
2
6
30
51
152
365
1954

6

1
13
26
37
162
334
701

0
9
13
22
30
456
692

1
11
11
13
37
389
660

1
17
13
29
110
847
2067

1
3
5
9
59
263
977

1
14
33
30
145
3166

2
14
33
79
283
1574

1
7
41
114
434
1912

1
10
14
71
226
815

1
6
13
103
303
612
6841

1
8
13
33
208
883

1
3
8
44
125
288
2755

1
4
11
49
186
424
2619

1
2
8
54
160
359
2599

1
1
7
36
129
465

1
6
23
61
258

1
6
23
58
244

1
5
23
45
95
565

2
8
30
69
326
1352

1
7
30
64
259
687

0
10
25
54
199
484

1
11
45
93
339
903

2
10
16
40
203
1196

1
9
19
71
384
650

1
5
12
70
159
441
1171

1
2
6
64
363
928

1
12
13
30
128
1034

1
13
20
64
542
6175

1
12
28
67
298
1753

0
7
24
198
980

1
7
26
103
273
668

1
13
30
144
379
770

1
4
7
96
381
967

1
14
31
140
684

1
21
32
119
601

1
18
32
166
797

2
19
62
261
990

1
4
16
101
1131

1
14
37
216
1028

2
20
43
278
1107

1
19
26
116
367
1675

2
16
19
96
600
1867

1
17
20
38
205
1445

2
11
20
53
367
2753

1
14
24
106
841
2000

1
13
20
68
1320

1
14
32
75
632
2288

1
14
15
35
191
1413

1
11
26
83
388
1108

1
12
26
72
387
1339

1
10
40
110
562
1175

1
16
21
93
659
1828

1
16
21
52
310
956

2
17
22
41
269
1936

0
14
41
126
1202

2
16
24
51
261
802

1
15
16
23
88
576
3037

1
15
11
13
39
323
1117

0
10
12
12
39
187
658
1656

1
20
20
19
43
421
677

1
15
9
20
35
274
530

1
24
12
17
31
329
457

1
18
13
18
32
232
400
1418

1
16
8
16
31
443
717

1
14
10
27
55
375
813

1
12
15
16
73
559
1083

1
3
6
12
72
523
1425

1
13
12
13
30
137
312
524
1687

1
3
2
5
14
101
218
587
1660

1
5
7
17
19
60
123
308
1055
1185

1
5
10
16
28
59
80
319
1167

1
1
5
21
57
35
104
162
343
377
1419
4316

9

9

9

0
2
2
6
15
27
9
14
19
44
32
61
159
116
152
236
636
818

0
1
0
2
7
12
12
8
12
20
24
30
70
59
66
113
220
246
296
486
1026

0
2
1
7
24
14
11
10
19
35
33
43
95
100
112
164
324
359
388
571

0
2
2
2
3
3
4
9
21
13
15
15
23
37
39
35
60
74
74
109
190
244
249
311
541

0
2
2
4
4
4
3
5
12
15
13
24
32
38
38
65
128
152
146
203
386
375
405

0
2
2
3
6
7
5
7
16
18
17
18
29
33
34
54
101
141
147
179
247
324
330

1
1
2
2
1
2
2
5
7
14
10
11
9
11
10
12
9
7
9
8
13
14
14
15
21
22
21
22
55
61

1
5
4
5
5
10
10
11
8
12
10
9
10
24
25
26
27
28
30
29
31
37
36
38
37
39
40
43
41
42

1
4
5
5
5
10
4
4
4
6
5
4
4
5
4
4
7
7
7
7
8
8
8
8
9
8
9
8
11
9

0
2
2
1
2
2
2
2
3
5
3
2
3
2
2
3
4
2
3
3
3
3
2
2
1
2
2
1
2
2

0
2
2
1
2
4
3
5
4
4
4
4
2
2
3
1
2
2
2
2
2
3
2
3
2
2
2
2
2
2

0
2
3
2
3
3
3
3
3
2
1
3
3
2
2
2
2
2
2
2
3
2
2
2
2
2
2
3
1
2

1
1
2
2
1
2
2
2
1
2
2
0
1
2
1
1
2
2
1
2
1
2
2
1
2
2
2
3
2
1

