1
3
15
51
167
351
1142

1
6
33
132
598
979

1
4
29
170
1304
1075
6326

1
5
44
313
2293
2385

1
7
57
330
3499

1
8
63
302
2855

1
7
75
520
5843

1
5
48
604
7125

1
5
50
482
5124

1
6
23
104
731
1567
7692

1
8
43
115
336
2922
24696

1
5
22
275
680
3975

1
9
36
433
2622

1
7
38
392
3474

1
6
40
275
1995
3845

1
7
24
165
1454
3207

1
8
25
76
406
1142
4245

1
8
47
168
638
2699

1
6
22
80
311
1789
4750

1
2
4
11
51
210
664
1726
7992

1

1
8
18
69
595
1500
3210

1
8
17
34
103
1874
3272

1
10
20
36
106
1580
3275

1
10
22
63
419
3542
8715

1
7
14
35
187
1061
3796

1
11
31
87
548
13736

1
10
35
262
1021
6785

1
7
53
332
1541
8328

1
9
22
203
806
3203

1
7
20
314
1099
2495
26839

1
4
11
64
717
4168

1
3
9
51
412
1194
9451

1
3
12
89
661
1800
9291

1
2
8
63
543
1468
9205

1
1
6
46
422
1695

1
5
28
152
908

1
5
23
131
766

1
4
21
86
348
2358

1
7
39
224
1184
5380

1
7
35
205
956
2848

1
8
33
158
740
1956

1
9
63
317
1286
3571

1
9
25
102
683
4438

1
7
24
200
1200
2495

1
4
13
152
531
1848
4640

1
7
21
194
1241
3517

1
7
16
54
419
4139

1
12
31
166
1739
23386

1
11
28
186
1034
6337

1
12
48
417
2867

1
14
53
266
879
2192

1
9
33
427
1361
3027

1
8
21
278
1329
3610

1
12
54
415
2302

1
15
45
370
2115

1
15
53
500
2723

1
15
105
794
3425

1
12
49
288
3682

1
11
53
638
3392

1
16
51
837
3751

1
15
51
340
1280
5621

1
13
33
266
1863
5909

1
12
27
83
622
5030

1
9
24
112
1090
10081

1
11
37
266
2474
6862

1
10
29
173
3942

1
11
34
202
1786
7846

1
11
26
83
573
4799

1
8
27
170
1141
3692

1
9
41
190
1196
4812

1
8
37
296
1744
4271

1
8
27
243
1887
6000

1
12
28
118
893
3135

1
13
30
103
777
6365

1
10
35
338
3395

1
9
21
79
700
2623

1
10
21
50
253
1885
8925

1
9
18
34
106
1002
3462

1
7
14
28
100
582
1976
6071

1
11
22
41
132
1360
2592

1
11
22
40
116
839
1899

1
14
28
48
113
1008
1888

1
14
28
48
113
728
1507
5553

1
14
28
48
113
1360
2941

1
10
20
40
159
1226
2966

1
9
18
39
200
1787
3993

1
9
18
39
204
1723
4576

1
8
16
29
73
449
1105
2106
6916

1
6
12
22
55
339
827
2170
6307

1
4
8
16
46
193
472
1128
3872
5488

1
4
8
17
58
254
422
1163
3927

1
1
3
17
95
173
403
744
1491
2238
5362
14961

1

1

1

1
1
2
6
16
30
40
59
98
209
208
351
757
661
933
1384
2716
4475

1
1
2
5
13
22
31
43
66
102
154
198
355
386
517
747
1161
1645
2312
3375
5735

1
1
2
6
20
36
52
66
102
183
231
319
519
682
886
1200
1851
2530
3230
4231

1
1
2
3
5
7
9
15
31
47
63
92
138
210
282
294
408
576
699
866
1239
1704
2142
2518
3617

1
1
2
4
8
12
16
24
42
66
90
115
181
241
309
431
683
955
1228
1608
2437
3021
3742

1
1
2
4
8
12
16
24
40
73
106
138
186
238
298
402
600
966
1242
1587
1946
2828
3423

1
1
2
3
4
5
6
9
13
21
29
37
51
73
92
111
100
95
108
121
145
169
191
213
295
317
349
381
897
1041

1
3
6
9
12
25
37
49
62
88
84
101
118
225
271
317
363
387
435
483
531
626
678
730
782
834
886
938
990
1042

1
3
6
9
12
16
20
24
30
36
42
48
45
51
57
63
102
113
124
135
146
157
168
179
190
201
212
223
234
245

1
1
2
3
4
5
6
7
9
11
13
15
17
19
21
23
25
27
29
31
33
35
37
39
41
43
45
47
49
51

1
1
2
3
4
6
8
10
12
14
16
18
20
22
24
26
28
30
32
34
36
38
40
42
44
46
48
50
52
54

1
2
4
6
8
10
12
14
16
18
20
22
24
26
28
30
32
34
36
38
40
42
44
46
48
50
52
54
56
58

1
1
2
3
4
5
6
7
8
9
10
11
12
13
14
15
16
17
18
19
20
21
22
23
24
25
26
27
28
29

