512
355
109
125
141
233
156
186
266
197
437
421
730
504
313
391
499
259
574
735
506
594
589
467
514
296
869
1131
890
1094
959
717
978
944
468
639
766
1298
656
982
555
761
737
775
772
891
812
987
811
1674
1295
1575
1817
2011
609
1322
765
1592
1127
1329
908
640
3750
4245
888
1239
2737
2405
1251
3197
2386
4729
491
1327
7785
9574
1921
2875
8920
3316
5567
609
1000
790
913
701
688
484
702
768
476
991
519
854
1267
3056
2380
3372
2971
1633
1968
3677
3640
358
297
260
382
2406
2738
2298
1904
2328
1362
1607
1526
1569
1536
1922
592
561
390
614
342
344
312
265
187
188
203
249
187
236
218
186
795
311
188
297
328
219
156
227
125
195
171
138
78
47
16
13
0
0
0
0
0
0
0
