1017
1035
920
549
1035
999
771
1470
1300
1438
2246
2831
4174
2850
1743
2663
2845
1941
3258
3397
2786
3652
3891
2264
2882
2037
5618
6618
5992
5877
4153
3887
4477
5049
3082
3956
3994
5853
4624
4386
3309
3878
3775
3299
3674
3612
3831
3913
3763
7173
8139
8893
8371
7613
3117
6181
4132
7984
6699
6718
4088
3251
17440
19537
3906
5201
10427
12038
6919
14293
12718
20961
2389
6527
32282
45623
8395
12062
41217
11521
25778
3427
3254
3011
3386
2667
2629
2427
3071
2640
2219
3699
2408
3373
5262
10944
10535
13616
13050
5612
7140
16060
15288
1820
1185
1351
1482
9246
10610
9564
7878
7806
4716
6281
5465
5954
6767
7124
2659
1445
1554
1536
1554
1316
1277
926
784
746
759
911
767
849
692
711
2342
1540
714
1305
1223
585
665
491
507
538
472
297
142
125
48
24
6
3
1
1
1
1
1
