13
20
8
23
88
239

0
2
1
9
56
181
522

1
1
2
6
30
175
330

1
6
3
31
209
170
490

1
4
4
13
82
219
412
1778

1
6
4
26
101
364
243

1
3
3
10
76
425
216
1245

0
3
1
10
101
672

1
6
4
19
115
389
197

2
7
5
15
13
81
82
2558

1
6
8
14
13
69
108
2167

1
11
6
19
20
92
142
2780

1
10
6
28
20
92
151
2500

1
22
13
16
22
113
203

1
17
15
48
245
917

1
13
10
34
502

7
13
9
35
361
2520

1
17
11
83
516

1
19
14
84
520

0
7
6
82
150
9261

1
18
14
69
996

1
15
14
50
596

1
23
12
55
1351

1
18
9
71
176

1
22
24
59

1
27
12
145

2
24
11
70
190

2
25
22
78
1558

1
24
11
70
1695

1
27
11
80
852

1
21
10
81
671

1
38
16
148
520

0
32
22
128
409

1
31
9
82
463

2
39
20
110
652

2
30
19
127
374

1
25
15
110
566

1
26
14
119
644

0
27
16
134
2662

1
37
13
142
3104

1
32
17
124
1966

1
31
17
190
4829

1
38
21
156
6946

2
32
23
152
5303

1
27
22
133
542

1
33
18
168

0
13
14
333

1
48
28
277

1
38
17
230
887

1
39
19
262
849

1
39
21
242
1417

1
36
19
220
1514

1
39
22
185
1144

1
42
18
171
663

1
40
16
229
957

2
51
17
516

1
51
20
289
865

1
48
16
303
738

1
62
19
277
633

2
53
26
232
536

0
24
18
285
601

1
41
23
256
701

1
54
20
515
806

2
40
17
330
802

1
44
13
321
872

2
40
15
260
571

1
18
12
291
581

1
40
13
278
527

1
54
11
287
624

1
53
11
329
712

0
24
15
298
922

1
21
17
351
837

1
33
21
482
738

1
28
17
293
557

1
55
9
242
1285

1
43
11
305
875

1
54
16
239
629

1
53
21
222
739

1
44
17
213
1527

1
57
24
215
2264

1
45
16
214
3293

1
45
19
234
2347

1
37
23
230
2744

1
38
20
169
3450

1
38
19
258
1553

1
33
22
227
1819

1
33
42
380
1452

1
41
48
406
2299

1
33
20
230
2304

0
28
58
299
1787

1
24
77
249
922
2548

2
21
39
74
700
4179

0
22
44
112
277
2600

0
20
24
82
275
1128

1
20
14
34
145
580
1646

0
4
7
21
76
150
241
316
126
140
134
133

1
9
9
18
30
33
17
17
18
18
17
19
20
20
21
22
20
20
20
20
20
21
24
24
24
24
24
23
24
24

1
6
4
8
7
10
9
6
3
3
3
3
3
3
3
4
3
4
3
3
4
3
3
4
3
4
4
5
3
4

0
3
1
1
1
1
1
0
1
1
1
1
1
1
1
1
0
1
1
1
1
0
1
2
0
1
2
1
2
2

109

4

