1
8
16
57
139
609

1
10
20
100
313
1419
7288

1
10
20
102
460
2782
5257

1
16
30
270
1761
2410
7378

1
10
15
59
727
3382
6352
28883

1
14
19
129
1539
5527
3761

1
8
12
50
782
3549
2798
15223

1
14
16
115
1019
6902

1
16
17
123
1282
4893
2238

1
14
14
56
98
923
1089
30164

1
18
19
71
123
957
1249
28020

1
28
28
109
190
1311
2052
38754

1
28
29
112
195
1317
2119
34045

1
38
38
149
260
1655
2842

1
28
33
258
2754
12191

1
34
38
335
7292

1
34
41
369
4839
34207

1
42
50
710
7097

1
48
57
832
7109

1
46
56
967
1970
119720

1
44
55
757
13489

1
38
48
488
7918

1
42
54
605
17573

1
46
59
759
2214

1
50
59
679

1
56
65
775

1
48
61
816
2306

1
56
70
822
19228

1
54
68
770
20723

1
54
68
804
10430

1
50
64
837
7847

1
68
89
1348
5762

1
62
80
1248
4396

1
62
76
901
5375

1
64
78
1041
7460

1
64
78
1121
4014

1
66
86
1162
5835

1
64
86
1125
6406

1
64
84
1354
28160

1
66
89
1496
32008

1
58
81
1253
20160

1
74
98
1944
49532

1
68
100
1499
70600

1
70
104
1519
52135

1
68
91
1330
5148

1
78
103
1659

1
86
115
3230

1
92
120
2281

1
84
110
2190
8073

1
86
114
2515
7473

1
82
109
2283
12624

1
78
101
1997
13464

1
72
93
1667
9977

1
74
95
1571
5673

1
86
105
2105
8390

1
104
121
4669

1
108
123
2580
8071

1
108
121
2684
6975

1
108
125
2459
6063

1
86
103
1841
4626

1
82
100
1899
5111

1
86
104
2042
5900

1
96
111
4431
6863

1
104
117
2758
7447

1
98
110
2592
7156

1
90
103
2054
4782

1
92
106
2269
5080

1
96
101
2267
5132

1
94
105
2308
5961

1
98
106
2381
5488

1
90
99
2130
5357

1
88
95
2015
4812

1
86
95
1970
5345

1
86
94
1921
5232

1
86
93
1877
11036

1
84
90
1815
6623

1
80
98
1795
5249

1
74
92
1615
5770

1
76
95
1603
11761

1
74
93
1489
16882

1
76
97
1607
25370

1
72
101
1711
17586

1
62
95
1733
20521

1
62
88
1272
26092

1
54
79
1915
11529

1
50
74
1687
13643

1
46
145
2821
10956

1
46
285
2909
16977

1
40
100
1572
17370

1
36
203
2223
13275

1
32
267
1821
6889
19380

1
28
139
526
5310
32050

1
28
134
640
2227
20733

1
24
74
571
2267
8952

1
20
35
200
1272
4823
15609

1
14
33
112
544
1105
2350
3905
2098
2823
3427
4076

1
10
22
50
193
368
264
350
436
522
608
694
780
866
952
1038
1124
1210
1296
1382
1468
1554
1640
1726
1812
1898
1984
2070
2156
2242

1
6
10
22
29
39
49
59
69
79
89
99
109
119
129
139
149
159
169
179
189
199
209
219
229
239
249
259
269
279

1
2
2
3
4
5
6
7
8
9
10
11
12
13
14
15
16
17
18
19
20
21
22
23
24
25
26
27
28
29

1

1

