10
13
6
22
45
172
122

1
1
3
13
43
61
358
1743

0
1
6
22
54
137
182

1
1
6
30
88
311
447

0
2
4
20
59
124
493

1
1
11
42
29
207
887

0
1
2
13
46
322
1542

1
2
12
60
31
623
2547

1
2
14
95
58
627

0
5
12
51
34
438
1743

1
2
7
31
44
304
1241

0
2
5
31
44
130
987

1
0
1
4
39
35
151
413
3730

0
1
2
40
80
497

0
2
5
39
56
227
1152

1
3
12
57
52
284
3334

1
3
15
42
31
788

1
2
7
44
39
239
788

1
3
14
40
49
359
3004

1
6
19
80
105
1364

1
2
11
75
195
1420

1
3
17
94
234
1346

1
3
18
53
74
761

0
3
17
36
60
1177

1
5
16
82
169
1690

1
6
13
160
225
2792

1
5
19
136
200
2199

1
4
12
85
200
1915

0
5
15
84
164
1804

1
5
15
90
179
1774

1
5
12
105
137
2877

1
6
12
98
141
2952

1
5
15
89
142
1907

1
5
19
110
174
2621

1
5
14
92
148

1
8
32
90
149
3440

0
3
5
70
155

0
3
11
65
187
3711

1
7
25
95
126

1
8
22
102
185

0
2
4
129
213
4197

1
3
7
80
155
3435

1
6
16
81
188

0
8
17
97
314

0
8
23
92
259
1890

0
6
15
85
119
1165

0
6
15
63
142
1360

1
6
14
94
200
2975

0
6
11
63
77
898

0
6
15
88
154
1461

1
5
11
64
73
1019

1
4
8
58
85
841

0
5
30
52
160
3167

0
5
24
46
94
997

1
4
11
47
108
1145

1
6
18
81
133
695

1
6
22
94
173
2397

1
4
26
129
144
1715

0
6
19
72
130
1345

1
5
18
84
221
1243

1
2
21
76
261
1051

0
4
22
58
188
772

0
4
19
50
161
608
2112

0
4
15
52
81
194
806

0
3
11
35
45
141
256
946

0
1
2
7
21
63
79
197
328
477

1
4
5
27
13
33
37
72
85
93
104
104
106
106
109

0
2
3
9
13
12
17
10
10
10
11
12
11
10
13
11
14
15
13
12
13
12
14
13
15
18
14
15
15
14

0
1
3
4
4
4
4
4
2
4
5
5
3
3
3
4
3
1
2
2
1
2
2
2
2
2
2
2
2
2

0
1
0
1
1
1
0
1
1
2
1
2
1
2
1
1
1
1
1
1
1
0
2
1
1
2
1
1
0
1

1
0
0
1
0
0
1
0
0
1
0
1
0
1
0
0
1
0
1
0
1
0
1
0
1
1
0
0
1
0

