1
4
16
54
160
634
1037

1
5
20
95
300
1291
7042
38025

1
7
40
160
904
3280
4198

1
8
34
207
1530
7198
9474

1
7
22
194
1147
2849
11230

1
7
58
284
502
4748
17349

1
7
24
267
1020
6986
32999

1
11
68
580
671
12898
54332

1
12
89
585
991
12738

1
13
57
347
626
8190
35722

1
9
45
238
714
6051
25374

1
7
20
125
600
2557
20046

1
1
6
19
178
484
2931
8061
68419

1
11
36
354
1326
8725

1
7
29
220
746
4038
21900

1
13
70
484
761
5234
62506

1
15
95
499
631
13198

1
10
38
264
640
4418
14737

1
13
74
382
739
6349
53926

1
23
74
915
1808
22790

1
13
70
1062
3613
24352

1
17
96
1270
4144
22922

1
14
97
542
1233
12795

1
12
68
382
1051
19141

1
21
81
1084
2965
26268

1
26
67
1426
3526
44729

1
22
94
1235
3431
31928

1
20
53
953
3416
29427

1
20
58
890
2734
27376

1
24
62
1118
2732
26028

1
23
55
1085
2337
38464

1
22
59
991
2343
43508

1
20
72
1067
2259
28297

1
21
81
1265
2597
33788

1
23
77
1179
2129

1
28
125
945
2266
46847

1
30
78
951
2523

1
27
113
842
1755
49744

1
27
104
1072
2127

1
27
94
803
3202

1
25
60
1741
3463
53143

1
21
61
967
2629
42362

1
20
71
888
3035

1
25
81
1104
4944

1
23
71
986
3930
25029

1
21
55
593
1685
15302

1
21
68
639
2186
17620

1
21
65
885
3070
39966

1
20
52
503
1276
11982

1
20
68
670
2170
19816

1
18
51
537
1264
13299

1
17
51
516
1417
11291

1
18
152
568
2331
41617

1
17
107
476
1367
13291

1
18
90
585
1566
13992

1
16
67
522
1212
9141

1
14
99
1143
2504
30727

1
16
108
1246
2036
22237

1
17
79
744
1921
17644

1
16
74
613
2998
16537

1
15
132
928
3524
14048

1
12
73
453
2662
10460

1
12
83
470
2154
7812
30263

1
10
58
317
859
2737
11836

1
8
39
150
478
2078
3980
15167

1
8
23
84
255
940
1366
3313
6580
10578

1
6
15
64
146
434
700
1445
2258
3161
4301
5169
6037
6905
7773

1
4
14
39
72
135
264
354
445
532
619
706
793
880
967
1054
1141
1228
1315
1402
1489
1576
1663
1750
1837
1924
2011
2098
2185
2272

1
4
11
22
31
46
58
70
82
94
106
118
130
142
154
166
178
190
202
214
226
238
250
262
274
286
298
310
322
334

1
2
4
6
8
10
12
14
16
18
20
22
24
26
28
30
32
34
36
38
40
42
44
46
48
50
52
54
56
58

1
1
2
3
4
5
6
7
8
9
10
11
12
13
14
15
16
17
18
19
20
21
22
23
24
25
26
27
28
29

