410
552
768
465
3650
609
868
1623
3094
632
1272
4762
859
798
1267
1829
1335
732
760
866
2211
907
1835
1419
2723
1046
2228
1574
2158
941
612
1709
2311
1908
791
904
1178
1142
2669
3064
679
2477
754
692
3317
2053
2949
3149
2010
702
4897
1032
787
842
917
1565
832
1060
940
963
1054
1141
1395
1593
1066
3348
5506
644
11228
3221
552
1203
1180
21585
554
268
174
501
328
5602
2580
1341
864
306
3603
2595
2827
2288
1483
1892
755
4781
1642
243
539
432
381
2862
1062
8364
424
700
380
3321
4687
249
474
3711
4509
639
478
6186
235
4990
140
214
6404
337
140
604
2487
209
1236
7314
137
2314
213
2666
2786
2448
197
4373
282
261
300
3740
6359
218
200
3632
2477
241
1306
229
5190
505
4433
321
512
1907
605
559
10872
158
2111
153
439
691
262
7220
277
281
2890
684
635
556
587
2766
2718
9285
470
379
276
356
1397
1001
1821
1610
2867
403
2725
6127
3774
2300
427
1527
1440
1469
1357
1792
1526
727
703
746
15473
987
443
639
466
7464
675
229
252
230
826
487
5354
2585
3479
242
2335
421
317
6174
6367
196
179
645
278
298
350
9251
269
289
342
6050
3843
205
3391
186
1525
229
3112
1007
1076
5218
298
5029
4766
255
155
282
4722
3733
152
1484
271
1877
717
8353
199
217
3940
219
3490
300
3853
188
2843
3186
2732
206
4321
156
2707
459
415
387
7233
345
4603
202
2475
1588
1027
470
700
2121
1483
1131
540
64
36
14
45
46
42
