112
19
67
212

0
26
58
114
354

1
12
62
165
528

2
14
37
36
105
271

2
13
59
57
66
374
3079

2
15
47
25
97
423

1
9
31
22
31
179
595

2
12
34
49
60
339
1127

2
12
58
62
90
360
2510

2
14
57
67
78
414

1
20
89
88
186
888

1
18
64
41
88
293
4257

1
18
90
86
144
520

1
17
74
68
126
512

1
17
106
107
190
846

2
31
86
70
147
1493

2
37
75
75
141
1005

1
29
69
70
132
431

2
29
50
45
106
528

1
12
51
59
145
598

2
27
88
144
253
1697

2
23
37
31
124
690

2
18
42
41
66
352
1314

1
17
43
28
51
471
808

1
14
55
24
79
417
2133

1
31
54
54
89
817

2
37
83
106
161
1839

2
27
93
117
191
1144

2
38
80
92
190
1756

2
38
46
46
75
734

2
34
39
62
77
398

2
37
30
64
126
1450

3
38
42
96
150
1982

2
39
33
36
108
1690

2
39
145
230
375

2
38
150
258
456

2
38
243
313
582

2
36
231
305
568

2
51
45
58
341
2172

2
47
97
147
277
2494

2
32
135
186
324

2
37
67
94
215
2062

2
44
120
222
366

2
40
133
158
359

2
41
124
148
298
2704

3
46
58
46
171
1729

2
38
35
38
371
2465

2
36
70
61
208
2772

2
37
60
63
199
1649

2
34
128
158
380

2
39
123
118
345
4270

2
47
202
277
504

2
33
323
429

2
33
346
461

2
47
386
482

1
26
274
448
816

2
39
329
462

2
51
441
566

2
57
375
506

2
49
395
517

2
50
446
556

2
45
443
651

2
51
202
235
905

1
24
726
842

2
54
432
578

2
54
237
310
2745

2
53
176
283
4992

2
50
267
325

2
57
228
292
10649

2
58
98
114
2949

3
62
210
277

1
29
512
661

2
54
487
637

2
54
84
83

3
51
500

2
54
212

2
44
128

3
32
122
344

3
52
273

3
50
112
5437

3
71
91
2415

3
51
84
1203

3
50
811

3
59
244

3
56
160
3384

2
50
97
2446

3
60
96
2668

3
65
87
2133

3
52
88
1340

2
69
106
1715

3
61
691

3
48
168
4562

3
48
66
1525

2
54
187

3
58
478

3
55
374

3
60
318

4
59
165
2634

2
47
82
931

2
54
309
7999

4
51
369

2
58
640

3
51
326

2
36
118
3165

2
47
226
4412

3
63
183

3
49
422

3
65
150
3493

2
48
153
4306

3
56
580

3
55
420

3
62
177
5944

3
56
176

2
52
144
4792

2
49
89

3
83
128

3
56
160

3
56
278

3
63
74

3
51
550

4
60
103
2320

3
69
137

3
51
105
1077

3
54
194
7063

1
46
90

3
52
99
2160

3
52
158

3
49
95
2519

3
51
122
2610

2
50
102
2294

3
71
123

1
37
163
4172

3
66
213

3
55
203

3
51
246

3
61
125
3551

1
46
81
6231

3
57
158

2
67
131

3
59
161
3409

3
56
100
2318

2
61
178

3
58
1245

4
71
154

3
58
135
4994

3
63
439

3
58
140
4232

3
66
252

1
100
411

2
60
108
1737

2
57
546

1
37
521

2
55
220
10595

3
62
93

0
24
93
1994

3
62
88

3
75
361

3
70
618

3
64
195

3
63
197
6957

3
80
194

3
81
197

3
60
119
2708

3
61
620

1
36
598

3
58
495

3
72
512

1
36
107
2622

3
69
125
2521

2
71
265
8947

2
63
405

3
70
306

1
49
226

4
76
276

3
55
1339

3
56
942

3
59
1759

3
75
113
1419

2
46
144
2675

3
68
332

3
62
121
2539

2
57
196
5872

2
61
156
3555

2
63
110
2125

2
61
364

2
57
1468

2
58
1380

3
58
1408

3
60
1294

1
41
108
1642

2
58
1466

4
70
653

3
86
614

3
75
668

3
68
197

2
67
918

3
63
377

3
61
575

3
75
388

2
63
89

2
65
608

2
64
163

2
85
165

2
69
159

3
79
744

1
50
436

1
54
170
5129

2
75
136
2372

2
70
150
3257

3
78
161

2
58
111
2164

1
46
374

3
64
250

3
63
149
5959

2
85
110
6170

2
60
134

3
65
111

2
67
576

2
74
202

3
57
238

2
72
276

3
71
246
8931

3
64
202

3
60
226

1
43
298

2
56
168
5824

3
78
116
3646

3
78
124

4
62
93
3232

4
64
118

2
74
1449

3
68
158

1
33
158
2920

3
70
934

3
66
1007

2
68
127
5021

2
71
225

3
58
151
4817

1
28
128

2
59
194

3
62
90

3
53
226

3
61
159
4499

2
60
124
3547

3
50
99

3
56
73
1352

1
39
231

2
51
108
1716

2
65
650

3
56
232

2
58
139

2
53
162

2
53
133
3752

2
57
160

2
66
123
3299

3
55
242

3
58
127
3665

3
67
118

3
63
92
2685

2
60
96
3028

3
62
82
2585

2
58
146

2
47
126
4146

2
45
109

2
45
97
2563

2
44
413

2
33
380

1
46
340

2
59
255
6917

2
52
291

1
41
170

1
39
162

0
16
126
2333

2
34
96
1456

1
44
68
914

0
9
47
414

1
37
80
582

1
22
33
89
1976

1
24
55
281
1122

1
15
25
89
278
308
415

1
14
23
24
38
38
39
40
37
39
39
40
42
41
42
43

1
4
3
2
3
3
3
4
3
3
3
3
2
2
1
2
1
2
1
2
1
2
1
2
2
2
1
2
1
2

36

14

45

46

42

