1
8
68
456

1
9
67
310
1028

1
9
72
390
1614

1
9
47
123
335
818

1
8
73
166
168
1063
9496

1
11
51
81
314
1242

1
6
44
70
95
562
1977

1
9
50
181
187
971
3936

1
9
109
235
274
1166
7808

1
11
104
263
232
1290

1
15
178
349
713
2671

1
13
93
163
350
886
12231

1
13
176
339
593
1662

1
13
150
265
482
1595

1
13
217
421
767
2617

1
20
152
272
556
4355

1
21
144
285
554
2905

1
21
157
269
513
1159

1
20
110
166
396
1415

1
19
123
223
517
1682

1
20
140
508
991
4787

1
20
68
116
385
1920

1
14
82
156
260
1012
4247

1
12
56
104
194
1367
2632

1
10
67
88
300
1151
6465

1
22
85
158
318
2176

1
29
214
407
659
5064

1
24
215
448
773
3128

1
28
186
344
675
4798

1
26
95
138
270
1997

1
26
86
218
330
1111

1
28
73
238
473
3898

1
27
82
369
473
5311

1
29
77
141
354
4537

1
32
364
870
1476

1
29
369
939
1746

1
28
598
1186
2199

1
26
550
1140
2179

1
33
80
127
1322
5728

1
32
236
548
1063
6526

1
33
337
689
1272

1
33
176
317
725
5296

1
30
276
820
1426

1
31
327
589
1252

1
31
291
535
1068
6790

1
36
98
164
544
4221

1
32
79
126
1384
6416

1
36
125
214
633
6780

1
32
142
232
619
4084

1
34
309
574
1324

1
29
285
429
1100
10899

1
31
492
1009
1893

1
31
790
1549

1
33
843
1653

1
35
894
1753

1
35
672
1599
3026

1
34
802
1658

1
39
1040
2041

1
36
883
1822

1
37
893
1807

1
38
1082
1956

1
46
1097
2148

1
36
439
812
2668

1
46
1385
2724

1
46
1030
2014

1
47
565
1085
7141

1
51
422
981
12535

1
48
633
1116

1
48
531
1018
25671

1
45
216
377
7103

1
48
479
952

1
45
1181
2295

1
46
1151
2206

1
46
176
242

1
48
1151

1
45
472

1
46
291

1
48
246
887

1
48
633

1
52
244
12389

1
54
188
5478

1
49
166
2728

1
51
1813

1
51
535

1
49
351
7613

1
51
200
5513

1
53
198
5941

1
52
180
4752

1
53
182
2938

1
47
212
3778

1
46
1511

1
46
360
10072

1
46
127
3292

1
44
395

1
48
1033

1
48
798

1
48
680

1
46
340
5642

1
42
126
1935

1
47
653
17140

1
47
783

1
42
1358

1
37
670

1
34
199
6639

1
36
476
9246

1
46
368

1
47
881

1
47
289
7282

1
44
281
8977

1
48
1200

1
46
850

1
43
340
12177

1
40
336

1
35
268
9660

1
36
164

1
44
226

1
41
308

1
48
526

1
51
141

1
49
1110

1
53
200
4603

1
53
225

1
48
178
2087

1
53
364
14061

1
42
171

1
40
166
4228

1
45
296

1
42
178
4914

1
44
216
5019

1
44
170
4408

1
43
228

1
49
238
7939

1
50
401

1
50
347

1
48
462

1
47
227
6703

1
48
142
11488

1
49
275

1
46
227

1
47
276
6323

1
50
184
4302

1
51
328

1
48
2349

1
50
280

1
54
207
9216

1
53
807

1
54
247
7749

1
59
459

1
57
358

1
53
156
2926

1
54
938

1
53
856

1
53
345
19102

1
53
158

1
42
134
3559

1
52
150

1
54
646

1
57
1083

1
56
326

1
59
337
12467

1
56
342

1
53
352

1
53
203
4799

1
54
1101

1
55
1040

1
51
877

1
54
908

1
53
167
4572

1
49
189
4402

1
48
456
15816

1
48
702

1
52
505

1
50
302

1
56
460

1
47
2315

1
47
1605

1
52
3052

1
57
172
2374

1
54
227
4579

1
51
558

1
51
192
4294

1
49
330
9992

1
48
261
6067

1
42
178
3611

1
42
616

1
46
2463

1
46
2331

1
46
2369

1
47
2085

1
55
163
2642

1
55
2422

1
60
1081

1
59
990

1
56
1077

1
53
304

1
47
1497

1
47
606

1
45
927

1
49
620

1
45
140

1
45
976

1
46
271

1
48
266

1
53
253

1
55
1197

1
61
690

1
56
239
7675

1
55
218
3721

1
49
231
5161

1
52
254

1
48
179
3400

1
51
488

1
50
395

1
49
237
9379

1
47
176
9589

1
41
205

1
45
165

1
43
890

1
46
310

1
45
365

1
46
367

1
45
378
13598

1
45
292

1
43
337

1
41
436

1
40
244
8741

1
44
169
5421

1
44
176

1
42
132
4722

1
40
159

1
46
2160

1
47
228

1
47
215
4258

1
44
1370

1
40
1494

1
39
176
7379

1
41
324

1
39
220
7042

1
40
180

1
40
277

1
41
129

1
39
319

1
37
204
6491

1
32
173
5071

1
31
138

1
34
106
1922

1
34
236

1
34
158
2452

1
35
913

1
36
335

1
32
185

1
34
227

1
35
184
5325

1
36
229

1
37
181
4603

1
37
351

1
42
186
5203

1
40
171

1
39
138
3781

1
34
145
4286

1
35
124
3622

1
32
187

1
24
176
5752

1
24
156

1
27
139
3596

1
28
577

1
25
534

1
28
480

1
24
337
9722

1
23
403

1
22
238

1
20
223

1
20
175
3302

1
18
131
2072

1
14
96
1317

1
12
68
617

1
13
93
857

1
10
28
128
3335

1
9
55
422
1899

1
6
22
132
488
668
1135

1
4
13
34
67
100
168
210
252
294
336
378
420
462
504
546

1
1
2
3
4
5
6
7
8
9
10
11
12
13
14
15
16
17
18
19
20
21
22
23
24
25
26
27
28
29

1

1

1

1

1

