72
149
256
232
293
486
769
940
748
1005
999
894
582
597
1199
1391
877
2095
2083
2090
3866
3599
2723
4884
4247
2839
2505
5403
4250
7468
7309
7040
8320
8524
5612
8130
9850
12977
14210
14090
17922
13379
23715
25410
31116
30532
31246
27542
36500
33380
34686
42558
43227
40028
32955
40422
32458
35520
30957
27741
25584
22310
25085
20643
19393
16051
17099
11992
22283
21152
22396
22468
24675
21030
19855
18863
15787
15641
14096
15139
14177
12982
11037
8061
7150
6520
7406
4582
3897
2632
2593
1972
1313
1154
743
352
137
37
6
1
1
