20
19
11
14
32
82
114
255

1
1
4
21
19
70
337
1713

1
1
6
24
72
142
189

0
2
6
24
78
324
477

1
1
5
19
61
163
376
1495

2
1
4
28
117
399
1466

1
3
7
26
182
730

0
3
5
30
258
1011

1
2
5
31
108
415
335

0
2
6
37
164
418
690

1
2
6
21
125
366
460

0
4
6
33
123
666
435

0
2
7
40
81
269
454
2676

1
2
5
25
56
248
549
3971

1
3
9
44
77
672

1
4
8
48
89
581

1
3
7
34
60
280
689

1
3
5
60
35
216
1328

1
5
21
72
61
639

1
2
5
44
67
584

0
1
3
20
45
388
1759

0
4
18
68
60
603

1
12
20
77
45
573
1855

0
12
24
92
48
524
1996

0
11
14
61
43
600
1843

1
13
19
61
37
610
1879

1
11
15
65
61
539
2141

1
13
22
66
56
601

0
11
22
65
44
560
2852

1
10
26
81
73
977

1
11
11
78
98
1380

0
5
28
85
102
1065

0
15
32
109
116
900

0
14
38
134
142
2380

0
15
35
157
141
2262

1
13
34
157
128
2273

0
14
35
84
84
708

1
12
26
87
73
774

1
14
45
84
81
712

0
15
28
82
72
700

0
14
32
70
44
451
2325

1
18
24
61
61
489
2988

0
13
34
74
53
397
1377

0
4
8
94
41
673

0
13
5
36
31
356
499

0
13
19
65
30
336
1004

0
12
5
42
27
293
361
4109

1
12
18
90
47
591
1289

0
16
17
60
28
338
1064

0
4
1
17
27
216
299
2517

1
9
4
35
30
121
176
1425

0
9
4
34
24
129
177
1252

1
9
4
30
28
112
183
1537

1
10
5
26
20
122
163
1491

0
9
14
42
20
142
333

0
8
4
10
11
232
37
107
2595

1
6
2
12
14
66
37
275
318
2040

0
7
11
46
24
107
230
1208

0
8
3
13
32
73
46
271
879

0
8
3
6
29
78
30
107
1247

1
7
3
11
39
142
38
114
2318

0
9
15
43
19
154
511

1
9
2
9
25
47
18
88
360
1171

0
5
3
13
17
40
31
142
160
516
787

1
6
2
4
13
33
5
17
114
302
325
988

0
5
2
6
9
18
17
35
30
131
148
370
383
594

0
4
1
3
5
17
12
23
24
40
37
53
62
67
110
49
48
48
48
53
52
52
54
54

0
1
1
1
3
7
6
13
15
20
21
19
19
20
19
21
20
25
23
24
25
24
23
25
24
26
29
28
30
28

0
4
4
8
4
10
12
7
7
9
8
6
5
5
9
5
5
6
6
6
6
6
8
7
7
8
7
7
7
7

0
2
0
1
2
1
3
4
3
3
2
4
2
3
2
2
3
3
3
3
2
2
2
2
3
3
2
2
3
2

0
3
1
1
1
2
3
2
2
1
2
3
2
1
0
2
2
2
1
1
1
1
1
1
2
1
1
2
2
2

1
2
0
1
0
1
1
0
1
0
1
1
1
0
1
1
0
1
1
1
0
2
1
2
1
2
2
1
2
1

1
1
0
0
1
0
0
1
0
1
0
1
0
1
1
1
0
1
0
0
1
1
1
1
0
1
0
1
0
1

