1
4
16
54
160
634
1037
5169

1
5
20
95
300
1291
7042
38025

1
7
40
160
904
3280
4198

1
8
34
207
1530
7198
9474

1
5
30
122
837
3660
8296
33213

1
7
26
233
2280
8545
30616

1
9
32
225
3445
15387

1
11
34
270
5336
20902

1
9
30
207
2091
8418
6742

1
8
30
193
2361
8226
12522

1
8
27
174
2302
7045
9075

1
10
33
189
2015
13337
8244

1
9
32
229
1406
5270
8528
51742

1
7
25
159
647
4760
10537
74138

1
15
40
330
1141
12572

1
15
39
285
1063
10676

1
13
35
242
865
5016
13185

1
11
28
454
574
3824
24525

1
23
73
1009
1191
11267

1
22
52
492
1230
10272

1
17
41
352
777
6553
28596

1
18
80
800
1206
10224

1
36
86
816
936
9631
34723

1
32
84
1125
1001
8910
38056

1
32
84
786
909
9990
36664

1
32
83
728
782
10392
35416

1
34
79
788
1141
8588
35300

1
32
83
754
1098
10070

1
32
74
731
878
9290
52866

1
30
94
772
1303
15911

1
38
113
1009
1754
22588

1
42
146
1153
1812
17117

1
38
149
1183
1925
14157

1
36
171
1811
2087
37271

1
42
193
2108
2420
35295

1
38
203
1974
2093
34863

1
36
109
928
1398
10974

1
34
120
908
1197
11616

1
38
262
989
1258
10727

1
40
142
907
1307
10601

1
36
159
810
837
6839
39546

1
34
147
789
1087
7324
51931

1
34
118
753
936
5863
23271

1
34
83
760
669
9150

1
34
35
334
637
5386
10230

1
34
73
659
637
4981
19101

1
32
33
278
542
4339
7710
62743

1
28
64
873
982
8878
24885

1
34
68
613
585
4984
19144

1
26
26
203
380
2634
4888
37215

1
24
24
165
308
1873
3544
22279

1
24
26
194
397
2059
3810
20015

1
24
24
165
332
1786
3888
24025

1
24
24
157
290
1966
3587
23334

1
22
70
292
402
2106
6322

1
20
20
55
90
3405
789
2031
54877

1
16
16
82
129
570
849
4655
7962
34750

1
18
46
263
362
1618
4497
18091

1
16
16
67
258
1104
1121
4415
17668

1
18
18
43
213
1131
634
1927
24235

1
18
18
52
383
2272
810
2065
44003

1
20
71
394
379
2447
7155

1
16
16
43
193
610
354
1185
6641
20525

1
12
12
62
111
369
762
2495
3947
9574
20505

1
12
12
27
102
358
160
355
3070
5851
9088
21939

1
10
11
35
61
160
304
684
853
2680
4161
9722
13642
22624

1
8
8
20
32
83
104
284
429
908
1307
2053
2615
2358
2952
3368
3784
4200
4616
5032
5448
5864
6280
6696

1
8
8
18
58
136
179
337
486
813
1026
1055
1250
1434
1618
1802
1986
2170
2354
2538
2722
2906
3090
3274
3458
3642
3826
4010
4194
4378

1
8
16
42
34
71
105
146
189
261
309
357
405
453
501
549
597
645
693
741
789
837
885
933
981
1029
1077
1125
1173
1221

1
8
8
19
30
46
62
78
94
110
126
142
158
174
190
206
222
238
254
270
286
302
318
334
350
366
382
398
414
430

1
6
6
10
14
18
22
26
30
34
38
42
46
50
54
58
62
66
70
74
78
82
86
90
94
98
102
106
110
114

1
4
4
6
8
10
12
14
16
18
20
22
24
26
28
30
32
34
36
38
40
42
44
46
48
50
52
54
56
58

1
2
2
3
4
5
6
7
8
9
10
11
12
13
14
15
16
17
18
19
20
21
22
23
24
25
26
27
28
29

