276
152
50
32
29
4
9
11
12
26
4
7
4
12
11
10
17
14
30
34
33
30
28
22
26
29
38
34
38
38
53
46
31
13
25
31
40
45
48
38
27
40
42
45
21
54
40
44
22
14
32
13
21
25
35
48
53
34
36
50
45
19
49
63
49
47
20
32
33
49
61
50
23
54
46
53
26
35
43
67
49
55
25
49
64
59
61
65
63
73
69
67
68
72
70
72
69
65
81
83
68
64
79
68
35
58
60
57
40
60
35
64
59
62
57
61
48
30
52
63
52
47
31
34
26
45
55
56
63
32
63
59
59
84
66
80
65
52
42
57
65
76
62
70
73
34
66
92
74
61
75
65
58
76
62
72
71
62
72
66
62
54
55
78
62
75
107
78
78
74
65
62
81
51
87
90
78
63
94
89
79
80
74
70
72
67
66
73
107
186
152
219
230
248
325
320
414
501
370
470
403
689
541
393
481
688
787
618
733
840
683
699
679
794
982
757
731
807
774
690
600
682
875
753
813
838
585
740
634
269
237
553
570
241
357
264
529
513
439
518
294
370
334
786
668
652
605
693
677
760
626
265
366
179
251
364
494
487
706
532
507
389
10328
16838
3071
2231
14229
2639
12688
10075
4087
5787
2642
4069
1684
3357
2258
2443
2157
4371
40407
4002
3774
7376
19482
2485
4884
29549
17700
16001
17894
2223
5739
4072
17445
18692
22769
18366
5286
15650
12969
23084
5501
5100
6173
7740
39065
29205
25518
14781
15076
16173
15810
16247
6058
7557
12811
11237
10217
10968
12531
10786
13638
16691
12687
8520
7245
7424
4203
2453
2454
2405
3033
2639
2635
2786
2797
2150
2341
1588
1758
720
995
453
186
218
125
250
276
146
93
109
31
0
0
3
0
114
15
16
