456
291
90
50
27
9
18
15
15
27
21
24
21
30
27
27
48
42
45
39
57
36
39
39
33
39
51
54
60
63
63
54
51
48
42
57
51
51
66
69
69
75
69
66
81
72
66
72
66
54
48
57
45
81
51
87
81
84
75
84
84
87
90
87
90
90
87
90
93
93
84
96
93
87
84
87
84
105
114
108
105
105
114
120
120
126
132
132
141
138
141
144
147
147
147
147
147
147
150
150
150
144
132
135
141
135
129
129
120
111
93
105
99
102
84
108
93
99
93
102
99
96
96
93
90
87
90
87
99
114
111
126
135
141
141
138
135
126
132
146
132
132
138
117
126
129
126
135
132
132
129
141
126
120
123
120
135
141
120
120
120
120
138
120
141
135
149
143
146
149
141
146
152
152
152
171
168
159
174
159
166
157
147
147
143
131
125
143
173
350
268
383
381
446
571
540
742
925
655
820
744
765
868
731
826
1010
1054
1084
1271
1382
1196
1141
1142
1027
1137
1182
1229
1287
1237
1147
1044
1193
1234
1241
1283
1237
977
1268
1059
423
414
897
967
369
584
407
868
879
511
682
485
560
518
812
1063
1069
978
1034
1002
1001
974
420
517
259
396
575
788
765
1094
776
769
590
15164
26886
4750
3507
21146
3526
19270
15276
6313
8936
3982
6407
2410
4399
3470
3518
3092
3776
57972
5546
5593
10292
28838
3798
7268
41146
25592
21048
26030
3201
8446
5724
24119
26761
31008
25175
7007
21335
17754
31849
8189
7447
9066
11389
56383
41214
36819
20459
20035
23460
20581
21578
8784
10721
18031
15077
13759
15002
16654
15059
18917
22058
17021
12017
9679
10169
5277
3390
3314
3334
4219
3773
3656
3888
3693
3033
3335
2200
2474
982
1405
597
263
255
198
332
366
179
107
153
29
15
9
6
3
1
1
1
