1
4
16
72
315
1735

1
5
26
149
807
5306
36274

1
6
42
256
1655
12333

1
5
29
201
1317
10706

1
6
39
288
2031
17150

1
7
67
592
5389
53390

1
8
107
1081
12283

1
8
112
1262
14919

1
9
117
1411
16732

1
12
162
2088
24535

1
13
177
2466
29733

1
16
231
3595
45949

1
18
261
4395

1
12
161
2273
27750

1
14
193
2943
38246

1
20
298
5667

1
17
263
4628
64970

1
16
176
2986
35326

1
11
138
2000
24199

1
15
216
3621

1
14
205
3348
46559

1
21
314
6257

1
18
183
3132
34165

1
23
266
5498

1
20
227
4338

1
17
181
3439
39072

1
17
138
2423
22655

1
16
131
2175
21048

1
24
243
5832

1
24
289
7164

1
24
336
8575

1
24
384
9993

1
25
422
11331

1
25
439
11888

1
25
369
10042

1
24
361
9318

1
22
276
6545
91895

1
25
284
7445

1
30
296
8814

1
27
288
8246

1
18
123
2400
20711

1
32
326
9960

1
14
91
1403
11142

1
36
338
10838

1
41
385
13639

1
46
513
20582

1
46
516
20616

