119
18
10
37
92
139
295

1
20
23
47
157
215

2
13
25
49
314
263
1542

4
17
35
97
562
671

2
22
37
87
875

1
22
29
74
724

1
6
20
129
1488

2
15
29
165
1792

2
15
37
137
1248

1
18
14
35
185
335
1939

1
24
27
32
80
627
6138

1
15
14
82
174
846

1
23
22
117
676

1
22
25
108
903

2
18
21
76
501
793

2
24
21
56
378
677

2
31
18
17
102
260
1022

2
27
23
44
158
604

2
20
16
28
81
383
1117

1
7
3
10
26
58
162
372
1982

7

2
28
16
32
168
347
695

2
24
13
10
31
464
699

1
34
11
11
31
406
666

2
33
12
28
113
867
2114

1
22
10
13
56
274
986

2
36
14
30
155
3230

1
31
14
76
294
1589

2
35
24
97
451
1935

2
25
9
67
231
839

1
22
16
103
316
617
6859

2
13
10
32
213
895

1
10
8
38
122
311
2771

1
10
18
37
190
432
2647

1
7
8
39
161
369
2620

1
4
7
48
127
477

1
17
33
54
253

1
17
28
49
220

1
14
14
37
99
631

1
22
22
69
345
1370

1
29
22
75
264
700

1
24
18
50
219
483

1
9
18
93
346
930

2
32
16
33
206
1226

1
24
20
70
353
597

1
15
11
64
159
456
1200

1
27
12
71
372
940

1
32
11
24
134
1051

2
35
16
56
548
6257

2
47
12
61
309

2
30
35
104
310
719

1
29
13
59
236
725

2
35
18
115
716
1698

1
48
15
132
1041

1
33
15
93
1404

1
31
34
196
1930

1
55
27
300
2504

1
30
40
278
2385

1
32
21
141
1497

2
30
12
107
1725

1
43
18
69
585

2
41
14
35
1724

0
20
16
61
1740

0
49
21
436
2043

1
47
15
109
543

2
46
56
306
1022

1
59
16
44
274
2579

1
46
16
53
376
3455

1
45
17
55
377
3418

1
49
18
53
329

1
52
43
246
603

1
51
27
130
361

1
40
19
88
194
1850

2
48
23
86
604
1895

1
48
75
512
2333

1
38
22
87
1603

1
39
25
88
632
2774

2
36
22
96
1863

1
33
53
521

1
10
57
502

1
21
53
588

1
35
49
481
616

1
40
19
123
916

1
35
84
549
2254

2
48
24
231
2116

1
41
40
284
1833

2
43
27
183
1488

1
41
52
278
2532

1
55
61
422

1
51
19
72
341

1
49
12
23
52
732

2
47
26
141
624

1
56
34
280
888

1
41
74
677
1022

1
39
36
207
506
1751

1
37
37
131
422
1013

1
48
17
100
232
640

1
34
26
76
216
630

1
26
14
31
38
685

1
33
18
29
36
276
1361

1
22
17
15
14
90
133
203
242
286
492

1
7
3
8
10
45
76
144
150
170
253
546

1
17
5
6
7
42
33
36
38
29
56
50
50
79
79
79
119
117
113
119

1
22
8
4
5
10
10
9
9
13
13
15
18
18
21
20
26
38
37
39
43
40
45
44
46
46
47

1
24
11
9
13
16
14
15
16
12
13
14
14
14
15
18
16
18
18
18
18
18
19
17
20
19
20
23
21
21

0
14
6
11
8
7
9
7
8
6
6
6
6
6
6
6
7
7
7
6
7
7
8
7
9
7
8
7
9
8

1
7
3
2
3
3
3
4
3
3
4
3
2
2
2
2
2
2
3
2
2
2
2
2
2
3
2
2
2
2

0
6
2
2
2
2
2
4
2
1
2
1
1
1
1
2
2
1
1
2
1
2
2
2
2
1
3
1
1
1

13

15

10

