710
463
2208
1386
1023
850
1644
2003
1439
2527
6929
1132
839
1059
1411
1158
1452
858
1647
2621
7
1288
1243
1160
3169
1362
3467
2005
2544
1173
7934
1165
3261
3335
3205
2136
2001
2002
796
1829
1091
795
1397
1515
1065
1906
1423
1253
6914
431
1200
1063
2584
1237
1546
2192
2887
2734
1692
1876
716
1816
1837
2549
715
1432
2973
3947
3913
450
945
570
2192
2658
2969
1751
3559
2019
5570
570
663
1182
1099
2923
2421
2199
1743
2904
539
484
869
840
1259
1815
2540
1641
1038
983
795
1754
1515
1413
1075
647
485
216
77
53
13
15
10
