1
6
15
51
167
351
1142

1
12
33
132
598
979

1
8
29
170
1304
1075
6326

1
10
44
313
2293
2385

1
14
57
330
3499

1
16
63
302
2855

1
14
75
520
5843

1
10
48
604
7125

1
10
50
482
5124

1
12
23
104
731
1567
7692

1
16
43
115
336
2922
24696

1
10
22
275
680
3975

1
18
36
433
2622

1
14
38
392
3474

1
12
40
275
1995
3845

1
14
24
165
1454
3207

1
16
25
76
406
1142
4245

1
16
47
168
638
2699

1
12
22
80
311
1789
4750

1
4
4
11
51
210
664
1726
7992

1

1
16
18
69
595
1500
3210

1
16
17
34
103
1874
3272

1
20
20
36
106
1580
3275

1
20
22
63
419
3542
8715

1
14
14
35
187
1061
3796

1
22
31
87
548
13736

1
20
35
262
1021
6785

1
14
53
332
1541
8328

1
18
22
203
806
3203

1
14
20
314
1099
2495
26839

1
8
11
64
717
4168

1
6
9
51
412
1194
9451

1
6
12
89
661
1800
9291

1
4
8
63
543
1468
9205

1
2
6
46
422
1695

1
10
28
152
908

1
10
23
131
766

1
8
21
86
348
2358

1
14
39
224
1184
5380

1
14
35
205
956
2848

1
16
33
158
740
1956

1
18
63
317
1286
3571

1
18
25
102
683
4438

1
14
24
200
1200
2495

1
8
13
152
531
1848
4640

1
14
21
194
1241
3517

1
14
16
54
419
4139

1
24
31
166
1739
23386

1
22
28
186
1034

1
16
51
321
1136
2655

1
16
28
166
805
2539

1
16
29
307
2317
6214

1
32
45
406
3198

1
20
36
224
4558

1
24
70
576
6050

1
26
50
916
7758

1
20
92
843
7358

1
24
43
447
4519

1
20
28
323
5268

1
28
41
217
1828

1
28
36
115
5591

1
36
47
189
5805

1
34
59
1297
6639

1
34
45
338
1715

1
30
151
932
3511

1
34
43
147
895
7975

1
34
46
167
1121
11277

1
26
39
165
1118
11114

1
28
41
150
973

1
34
112
710
1903

1
30
77
390
1028

1
26
55
251
580
6228

1
24
50
258
1767
6224

1
20
180
1476
6801

1
22
39
245
4587

1
18
38
233
1789
10005

1
22
40
264
5297

1
18
119
1437

1
18
140
1368

1
26
135
1614

1
22
113
1317
1736

1
24
41
324
2569

1
24
194
1513
6276

1
24
55
622
5629

1
26
82
782
5117

1
24
66
514
4206

1
26
112
780
7153

1
34
158
1170

1
32
50
211
984

1
26
35
81
195
1888

1
30
60
422
1899

1
30
77
766
3298

1
26
177
1695
3962

1
22
76
554
1791
6010

1
24
82
358
1604
3460

1
20
43
281
846
2122

1
14
36
205
651
2261

1
16
25
80
132
2501

1
14
29
81
128
881
4505

1
10
14
29
49
285
532
902
1359
1265
2201

1
8
8
16
31
129
306
605
888
805
1298
2354

1
8
8
14
20
97
139
183
238
179
298
366
457
563
676
830
1324
1294
1370
1564

1
10
12
19
26
35
49
63
72
106
127
150
177
199
230
261
324
449
502
555
615
675
735
795
855
915
975

1
8
11
18
35
69
87
113
149
104
127
150
173
196
219
242
265
288
311
334
357
380
403
426
449
472
495
518
541
564

1
6
7
11
16
25
34
43
52
61
70
79
88
97
106
115
124
133
142
151
160
169
178
187
196
205
214
223
232
241

1
4
4
6
8
10
12
14
16
18
20
22
24
26
28
30
32
34
36
38
40
42
44
46
48
50
52
54
56
58

1
2
2
3
4
5
6
7
8
9
10
11
12
13
14
15
16
17
18
19
20
21
22
23
24
25
26
27
28
29

1

1

1

