0
31
15
32
125
172
484

0
0
16
62
157
514

2
3
13
71
272
476

3
8
17
30
129
232
1017

1
4
10
21
73
99
764

4
8
19
52
67
94
1124

1
14
42
66
225
1028

1
12
40
103
402
479

3
8
25
85
626
777

1
10
51
202
862

1
9
38
123
217
305
2065

1
8
29
67
244
724

2
4
12
76
351
708

1
13
42
86
190
1244

1
13
49
78
349
1084

2
13
39
82
150
556
3165

1
12
119
168
454
1036

9
18
33
20
46
264
1265

1
15
62
94
193
737

2
18
64
61
45
672

1
14
83
38
104
643

1
23
38
47
92
796

0
24
20
29
38
196
300
1318

2
36
29
27
30
244
324

1
16
32
35
34
251
415
683

3
20
31
26
35
255
564

1
15
17
28
9
244
249
411

2
18
27
31
17
184
325
206
395

1
21
25
14
14
68
88
100
200
996

2
20
21
25
27
160
101
121
147
1145

1
18
27
16
18
90
95
128
149
857

0
9
14
18
14
94
80
95
167
690

1
16
23
22
21
109
95
134
257
1222

1
13
20
18
17
132
86
132
267
1078

1
14
15
14
17
142
125
140
341
944

1
13
15
16
16
135
148
168
340
1478

2
9
12
12
14
101
64
59
147
515
608

1
12
14
17
32
121
67
60
92
409
529

1
12
14
18
15
127
90
93
172
314
485

1
11
12
14
22
72
74
92
279
1196

1
11
17
20
29
145
108
147
445
1850

1
12
16
15
27
109
120
148
477
1902

1
12
13
18
36
129
145
153
433
1967

1
9
15
12
53
97
83
152
793
949

1
10
10
23
36
122
108
169
535
1812

1
8
8
18
28
31
32
52
162
612
626

1
16
16
19
13
88
61
89
320
1035

2
11
13
19
26
146
108
288
1473

1
8
8
20
54
201
185
717
1955

1
4
4
15
43
541
460
880

1
13
19
25
44
523
330
873

1
12
14
41
61
517
653
2610

1
10
19
27
69
569
435
1553

1
10
17
31
149
443
494
2111

2
16
20
26
61
639
590

1
14
16
29
64
475
555

1
15
14
34
99
350
594
1194

1
11
16
22
36
216
244
937

0
7
8
20
50
221
253
1067
4524

0
8
7
20
93
250
186
669
2708

0
8
7
18
43
160
198
805
4535

0
11
10
21
56
255
671

1
11
16
46
136
1507

3
14
27
60
163
938

2
9
21
96
574
1667

0
12
30
78
810
2744

4
11
21
71
341
1003

1
10
16
36
294
1692

1
7
20
85
420
1592

0
12
30
82
517
826

1
11
26
60
140
686
2599

1
14
27
110
143
244
1253

0
12
18
56
57
118
331
1486

4
7
16
42
100
236
399
2341

0
13
28
62
294
536

0
11
29
83
301
986

1
9
22
54
123
316
1355

0
13
11
24
66
242
999

1
8
13
30
59
164
703
2414

0
13
23
59
178
122
393

1
11
13
31
69
104
335
880

0
16
22
30
26
42
72
101
126
166
368

1
2
4
5
6
20
22
8
15
14
14
15
28
39
42
48
111
170
233
182

0
5
5
6
12
26
16
16
22
38
46
46
111
269
330
377

0
4
3
4
7
24
19
21
27
29
15
16
34
72
77
104
147
178
238
261

0
3
4
7
22
33
24
36
35
30
35
31
69
119
123
208
328
118
124

0
3
4
5
11
25
14
15
26
20
23
25
32
56
61
64
71
81
84
87
90
95

1
4
5
11
23
22
15
20
22
23
40
29
22
26
23
42
54
35
34
32
27
30
29
30
31
32
30
33
34

1
3
3
6
7
10
12
13
8
7
7
9
7
8
8
9
9
9
9
9
9
8
6
6
7
8
6
6
7
6

0
2
2
2
2
2
2
3
2
1
3
3
2
3
4
5
4
3
3
3
3
6
6
5
4
3
2
2
3
2

1
2
1
2
2
2
1
2
3
2
2
3
2
3
3
3
3
3
3
4
3
3
3
8
6
4
3
2
2
2

140

10

