1
3
12
37
202
438
1749

1
5
22
130
599
1495

1
6
28
144
654
1817

1
7
19
55
279
992
3579

1
4
11
29
161
405
2666

1
4
12
42
219
375
3585

1
10
38
200
840
2901

1
9
33
206
1230
1727

1
7
30
164
1767
2821

1
8
50
527
2865

1
8
32
230
772
1192
7007

1
7
24
121
832
2531

1
7
23
139
860
2739

1
11
42
209
641
4378

1
11
47
240
1091
3930

1
11
53
175
465
2183
9941

1
11
112
588
1635
4112

1
12
41
65
203
1023
4277

1
12
81
188
645
2099

1
15
78
142
203
2148

1
13
91
90
326
1937

1
17
39
93
229
2434

1
16
35
63
125
654
1237
4372

1
17
36
89
128
849
1361

1
15
34
67
100
561
1430
2811

1
14
30
52
87
854
2066

1
13
27
59
57
844
1134
2018

1
13
27
41
55
569
1528
1201
2182

1
13
26
39
52
236
444
652
1140
3232

1
13
26
39
53
314
541
816
913
3609

1
13
26
39
53
302
516
779
936
2971

1
12
24
36
49
257
432
653
928
2320

1
11
22
33
58
288
509
730
1454
4035

1
11
22
33
51
262
460
655
1294
3422

1
11
22
33
48
362
641
938
1605
2762

1
11
22
33
47
426
772
1115
1770
4740

1
8
16
24
38
163
284
405
694
1801
3010

1
10
20
30
45
203
356
417
594
1590
2606

1
10
20
30
42
250
430
621
972
1193
1953

1
9
18
27
55
229
409
620
1267
4146

1
9
18
27
58
285
510
775
1574
5870

1
10
20
30
70
358
638
969
2038
5568

1
10
20
30
75
360
646
1010
1677
5713

1
8
16
24
72
257
449
666
1514
3394

1
7
14
28
68
331
580
811
2158
5735

1
6
12
19
37
110
175
286
645
1734
2893

1
10
20
31
42
189
322
502
1306
3981

1
9
18
29
54
282
514
1161
4859

1
6
12
23
61
548
951
2229
5249

1
10
20
35
77
1038
1816
3410

1
10
20
34
78
871
1649
3252

1
10
20
40
175
1769
3197
8676

1
8
16
32
128
1175
2012
4622

1
8
16
33
139
1134
2085
6414

1
13
26
50
196
1552
2253

1
11
22
42
143
1566
2382

1
9
18
34
172
1212
1977
4324

1
8
16
31
91
768
1260
2992

1
5
10
22
86
515
952
3331
11269

1
5
10
23
104
467
804
2262
8375

1
5
10
22
89
559
1004
2810
12901

1
7
14
31
150
846
2437

1
8
17
50
378
3979

1
10
23
71
475
3350

1
7
20
106
1011
5421

1
8
24
123
1749
7245

1
7
19
95
937
2865

1
11
28
102
754
4838

1
5
18
107
1026
5252

1
6
26
102
646
2480

1
7
23
75
376
2222
7888

1
9
25
93
274
839
3995

1
8
20
53
119
383
1231
3913

1
4
13
54
270
709
1538
6281

1
6
22
86
744
1673

1
7
24
104
706
3065

1
7
20
64
249
1000
3459

1
5
12
31
110
623
2477

1
6
14
32
104
474
2001
5546

1
7
19
53
213
433
1183

1
6
13
30
105
395
1017
2683

1
5
14
35
88
178
327
525
762
932
1503

1
2
4
7
10
17
24
32
48
77
102
127
175
236
314
399
616
970
1293
1565

1
3
6
10
17
36
53
65
109
188
291
369
507
1345
1904
2613

1
2
4
6
11
22
33
44
68
78
106
134
205
414
552
738
1040
1169
1483
1802

1
2
4
8
18
51
76
117
182
180
271
281
487
873
1085
1521
2301
1136
1338

1
3
6
13
25
53
81
104
141
147
185
230
285
491
588
689
780
987
1103
1219
1335
1478

1
3
6
13
22
35
50
72
95
108
133
163
189
248
281
314
347
380
413
446
479
512
545
578
611
644
677
710
743

1
2
4
8
12
18
24
30
36
42
48
54
60
66
72
78
84
90
96
102
108
114
120
126
132
138
144
150
156
162

1
1
2
3
4
5
6
7
8
9
10
11
12
13
14
15
16
17
18
19
20
21
22
23
24
25
26
27
28
29

1
1
2
3
4
5
6
7
8
9
10
11
12
13
14
15
16
17
18
19
20
21
22
23
24
25
26
27
28
29

1

1

