137
25
18
80

1
13
27
39
178
526

1
5
12
31
114
687

1
5
21
34
239
2144

1
8
28
132
804

1
12
27
197
296

1
24
38
179
1444

1
14
44
213
313

2
32
53
493

1
25
38
83
459

2
18
15
65
411
5790

1
21
14
75
684

1
18
44
315
826

1
10
33
273
579

1
15
50
420
966

2
21
54
707

1
20
40
302
1184

1
18
22
185
632

1
20
56
639
1417

1
16
47
285
829

1
22
23
514
1020

0
21
20
478
1184

1
29
14
543
1020

1
22
20
426
1105

1
23
19
177
924

1
23
18
194
1024

1
33
21
553
1053

1
33
26
139
1441

1
21
26
83
246
2241

1
28
30
215
348
7169

1
28
51
566
253

1
18
16
62
223
12922

1
20
52
703

1
22
63
548

1
25
37
244

1
18
33
448

1
26
28
153
1710

1
14
13
141
919

1
26
58
342
834

1
22
39
118
1122

0
11
17
421
1260

1
24
28
238
1141

1
20
32
216
734

1
22
17
63
1116

0
19
28
68
147
2941

1
21
31
214
313
8458

0
16
26
69
224
1667

0
12
14
57
159
693

0
20
15
26
150
443

0
12
12
35
68
320

1
8
8
18
53
67
105
126

0
6
4
8
16
8
10
8
7
6
6
7
6
7
7
7
6
8
7
8
8
9
8
8
8
9
8

0
4
1
1
1
2
1
1
2
1
1
2
1
1
2
1
2
1
2
1
2
0
1
1
1
1
0
1
1
1

1

2

