1
14
22
157

1
16
38
184
1211
5481

1
16
81
301
1403
8859

1
28
191
437
3149
28265

1
34
183
1583
9661

1
24
67
2183
3479

1
44
182
2201
17742

1
32
212
2522
3737

1
50
460
6039

1
42
172
955
5381

1
38
73
687
4720
68163

1
32
70
798
7901

1
26
262
3693
9784

1
20
189
3088
5889

1
32
227
4690
10776

1
42
390
7653

1
40
259
3289
12825

1
38
93
1980
6700

1
34
298
6767
15174

1
32
267
2989
8460

1
46
155
5306
10440

1
42
112
4714
12080

1
42
69
5414
10215

1
40
70
4190
11087

1
38
52
1497
9160

1
44
91
1857
9879

1
50
113
5261
10097

1
48
147
1333
13587

1
38
68
658
2245
20319

1
42
143
1977
3115
65645

1
36
360
5337
2378

1
32
69
508
2016
119205

1
32
316
6299

1
34
298
4948

1
42
211
2173

1
40
189
3940

1
34
99
1309
15475

1
30
60
1202
8071

1
42
261
2934
7266

1
34
151
1010
10539

1
36
104
3529
11449

1
36
135
1943
8952

1
30
90
1729
6632

1
34
63
473
10173

1
30
78
512
1251
24892

1
28
139
1743
2817
70554

1
24
76
479
2032
14299

1
18
37
226
1231
4395

1
22
42
146
1324
4192

1
16
34
206
634
3121

1
12
21
76
346
798
1434
2277

1
8
12
25
84
113
142
171
200
229
258
287
316
345
374
403
432
461
490
519
548
577
606
635
664
693
722

1
4
4
6
8
10
12
14
16
18
20
22
24
26
28
30
32
34
36
38
40
42
44
46
48
50
52
54
56
58

1

1

