1
4
16
54
174
642

1
5
24
86
185
873
8403

1
5
26
94
839
2105
14729

1
6
32
139
389
4996
5569

1
9
28
241
2750
8923

1
8
21
213
710
5958
18623

1
14
75
803
687
23393

1
13
37
487
1579
24573

1
14
118
996
757
31753

1
16
103
1215
782
46336

1
18
143
1702
1183
67057

1
19
58
1009
3840

1
14
71
924
1188
45617

1
17
59
1171
1317
39138

1
6
25
255
815
8728
22354

1
10
58
719
3465
25298

1
17
54
1131
3929
29850

1
14
87
863
1169
35639

1
20
288
2515
14218

1
23
290
4264
5390

1
22
231
4166
40792

1
22
255
4357
34591

1
15
85
1592
9330

1
15
134
1788
14912

1
13
46
1213
4567
18822

1
18
45
758
8224
29493

1
14
34
483
5506
16650

1
22
54
920
2003
22882

1
26
68
1198
2971
41485

1
24
69
1500
3753
48251

1
23
69
1371
3452
50628

1
20
77
2004
3866

1
19
92
1892
6591

1
21
242
3260
2502
25209

1
17
188
2411
4708

1
30
176
2163
4879
23118

1
30
140
1622
3460
19472

1
36
195
2307
4889
18420

1
34
350
1739
8129

1
34
340
1434
6856
10363

1
40
390
2339

1
40
333
1197
5886

1
38
238
1648
3751
16199

1
46
268
2554
7645

1
40
341
1757
5840
17763

1
42
265
1956
5023
9903

1
38
375
1428
4864
8499

1
36
373
1804
6207
11978

1
36
337
1798
5115
12413

1
42
120
1708
2520
15872

1
38
144
1718
4138
13508

1
46
242
3066
5630
25953

1
48
181
2265
2881
22823

1
44
174
1631
2137
15218

1
36
122
1271
2749
31552

1
38
116
889
1489
8057

1
32
188
1461
2964
11404

1
30
156
1305
2501
7008
96278

1
30
145
1507
2128
19070

1
26
111
843
1198
9957

1
26
155
1000
1437
12826

1
26
102
796
1257
6619
21225

1
24
58
407
519
2147
9255

1
20
68
442
588
2725
9642

1
16
42
211
319
1123
5223
20509

1
16
50
222
249
801
5477
16800

1
14
36
130
133
341
869
1245
2376
2360
2875
3424
3994
4573
5152
5731

1
6
25
66
48
64
229
211
255
305
355
405
455
505
555
605
655
705
755
805
855
905
955
1005
1055
1105
1155
1205
1255
1305

1
8
9
19
28
37
52
63
74
85
96
107
118
129
140
151
162
173
184
195
206
217
228
239
250
261
272
283
294
305

1
4
4
6
8
10
12
14
16
18
20
22
24
26
28
30
32
34
36
38
40
42
44
46
48
50
52
54
56
58

1
2
2
3
4
5
6
7
8
9
10
11
12
13
14
15
16
17
18
19
20
21
22
23
24
25
26
27
28
29

