12
14
12
39
55
243

1
1
4
20
61
150
650

1
2
10
20
83
181
290

0
1
1
10
75
221
423

1
2
6
23
47
254
614

0
1
2
15
89
599

1
3
6
28
152
731

1
3
8
42
150
1210

2
7
14
39
74
538
913

0
4
8
64
65
1004

0
1
3
37
263
1570

1
3
5
27
69
485
852

1
4
8
47
228
1552

1
4
8
56
208
1702

1
4
8
59
74
2012

1
5
15
169
1557

1
6
14
127
1692

1
10
10
30
288
1405

1
6
20
65
507
3482

1
5
19
74
658

0
6
17
70
233
6273

1
5
13
81
266

1
7
17
86
533

0
7
14
66
180
11041

0
3
6
84

1
10
10
74
232

1
7
15
96
178

1
7
13
66
440

0
5
10
80
284

1
9
21
105
345

1
11
22
88
323

2
11
10
92
380

1
12
30
108
373

1
21
16
85
315

2
13
27
141
408

1
16
31
178
667

2
14
31
153
418

1
14
31
152
394

0
5
14
209
584

2
14
44
296
569

1
14
39
223
594

0
10
27
236
493

1
13
35
182
457
9557

1
6
21
310
558

1
18
23
343
517

1
10
23
254
426

1
14
30
451
516

2
14
33
180
875

2
13
31
198
498

1
14
31
216
1426

1
13
26
184
876

2
15
37
200
942

1
6
16
236
928

1
10
28
160
1339

1
13
29
190
1163

0
3
11
195
739

1
16
43
288
934

1
23
26
245
1687

1
18
38
234
643

1
15
38
214
860

2
22
33
265
1059

1
18
37
263
1120

1
18
31
244
1146

1
18
32
240
966

1
24
21
252
655

1
15
24
190
1070

2
19
26
229
601

1
20
30
237
1126

1
18
31
248
516

1
13
22
214

0
6
15
248

0
8
14
239

1
11
28
327

0
6
11
249

1
20
21
251
1162

1
19
39
241
651

1
18
40
233
804

1
16
28
210
1103

0
5
13
231
742

1
16
29
203
1036

2
19
31
195
3078

1
16
41
177
2718

1
14
28
152
4209

1
11
29
136
3919

0
11
28
109
2955

1
16
30
118
1835

1
10
31
89
1497

0
10
26
86
1597

0
7
16
68
950

0
3
13
94
897

0
7
21
97
925

0
8
30
92
451
4142

1
5
18
80
349
1450

0
6
28
55
114
568

0
5
14
67
133
387
1370

0
5
8
27
42
140
270
551

0
4
9
46
44
24
63
60
62
62
64
69
69

0
3
5
10
10
16
6
6
4
5
5
5
3
4
4
4
3
4
4
4
5
4
5
4
4
4
5
5
4
5

0
1
2
1
1
1
2
1
2
2
1
2
1
1
3
2
3
2
2
1
1
1
1
1
2
1
3
2
1
1

108

4

