1
4
16
57
139
609

1
5
20
100
313
1419
7288

1
7
39
148
772
2578
4521

1
7
23
168
832
2760
5513

1
6
17
101
487
2975
7059

1
12
31
203
1175
8333

1
10
28
231
2071
9683

1
15
36
372
2269
18953

1
11
29
208
762
7449
13061

1
15
35
450
886
14167

1
13
34
406
3773
20825

1
8
22
124
906
7069
12545

1
13
34
268
2915
21378

1
13
32
371
2712
23000

1
13
35
412
934
26325

1
23
55
1790
21980

1
23
57
1399
23721

1
12
33
218
3872
18568

1
21
58
617
6780
45400

1
22
62
803
8660

1
20
57
609
2888
78237

1
23
63
779
3125

1
23
60
710
6557

1
22
55
669
2154
134808

1
30
70
1049

1
26
64
804
2880

1
23
55
658
2185

1
22
57
594
5331

1
32
76
808
3353

1
30
74
789
3799

1
35
84
943
3669

1
36
87
976
4027

1
38
92
1048
4215

1
38
92
889
3725

1
41
106
1457
4472

1
43
110
1592
7184

1
45
115
1580
4562

1
45
114
1574
4269

1
42
108
2069
5613

1
44
109
2714
5632

1
44
111
2210
5926

1
39
94
2357
5002

1
39
92
1774
4733
93626

1
40
99
3078
5204

1
36
88
3325
5144

1
32
80
2494
4122

1
40
99
4320
4859

1
37
86
1558
8670

1
37
93
1720
4838

1
39
97
1863
13219

1
36
92
1672
7596

1
37
95
1782
8199

1
36
94
1818
7858

1
34
91
1514
11872

1
36
93
1730
10130

1
35
94
1771
5774

1
41
111
2159
7377

1
44
117
2187
13776

1
43
105
2026
5550

1
39
103
1833
7412

1
47
118
2267
7952

1
45
112
2189
9318

1
44
111
2068
9648

1
45
112
2001
7570

1
43
100
1921
5611

1
39
92
1539
9566

1
44
104
1921
5267

1
42
98
1950
9836

1
41
102
1916
4524

1
37
91
1691

1
37
91
1662

1
39
96
1812

1
40
97
1801

1
41
98
1843

1
41
101
1767
9116

1
41
101
1830
5364

1
40
99
1745
6511

1
37
93
1571
8515

1
38
95
1636
5458

1
36
90
1503
8081

1
36
90
1416
23977

1
34
90
1302
20912

1
31
86
1105
32157

1
29
82
954
29625

1
23
72
793
21592

1
24
73
793
13506

1
19
62
531
10959

1
20
62
536
11800

1
18
56
433
6989

1
14
65
640
6610

1
14
45
655
6953

1
15
65
534
3365
31985

1
13
68
567
2734
11582

1
11
57
238
942
4222

1
9
34
263
932
3391
12601

1
7
20
119
334
1348
2839
6572

1
6
24
107
231
282
962
1284
1610
1936
2262
2588
2914

1
4
14
31
37
64
81
98
115
132
149
166
183
200
217
234
251
268
285
302
319
336
353
370
387
404
421
438
455
472

1
2
4
6
8
10
12
14
16
18
20
22
24
26
28
30
32
34
36
38
40
42
44
46
48
50
52
54
56
58

1

1

