125
15
16
31
125
156

3
6
23
61
172
331

0
8
12
36
141
467

3
8
62
122
293
593

1
10
23
58
114
187
1320

3
13
36
40
83
209
1306

3
7
26
47
77
303
1367

1
9
40
71
47
419
1891

2
9
41
124
102
203
1319

1
7
12
43
107
527
3305

2
5
21
74
194
241
1797

3
4
14
43
187
393
2312

3
11
21
49
371
491

0
10
20
82
731
410

3
4
38
136
829
569

3
8
23
81
284
279
1029

0
9
38
133
492
340

0
10
19
114
368
219
1169

0
7
12
78
290
251
1051

3

1
7
18
54
111
113
644
1757

0
0
0
31
141
62
250
684
1935

3
6
20
33
11
22
78
401
881

0
6
25
77
75
37
238
308
1297

0
10
18
21
11
19
49
125
1163

0
2
6
15
33
18
57
83
216
370
1327

1
5
15
19
26
18
44
114
126
629

0
3
8
12
16
32
39
32
31
78
190
469
1305

0
4
8
12
16
42
34
50
81
131
484
2642

0
9
19
22
25
151
132
103
187

4
15
32
19
29
94
153
237

2
20
38
15
37
113
405
883

1
22
18
19
14
109
148
160
211

1
13
14
22
15
79
93
95
206
814

1
17
16
12
21
68
68
80
224
1147

2
21
31
21
13
95
114
122
163

2
20
18
17
22
214
184
203
317

1
18
26
18
19
92
131
194
258

1
14
16
18
18
108
93
105
159
742

2
19
23
29
34
184
184
214
413

1
17
16
14
19
107
89
99
207
809

1
16
19
16
15
54
63
70
111
2571

0
7
10
11
27
75
133
150
615

1
13
17
27
17
48
57
67
177
1155

0
14
17
13
25
48
60
66
156
532
1636

1
9
14
15
41
40
71
76
202
549
2730

0
8
12
11
20
29
62
73
213
637
3082

0
7
23
24
47
81
204
216
559
1483

1
14
33
19
33
52
140
154
490
3152

0
10
15
17
38
61
75
60
228
1830

1
8
14
19
36
36
78
84
271
1810

0
6
9
11
26
53
149
151
331
1593

1
9
19
25
21
64
145
162
755

1
6
13
17
31
48
109
130
757
6951

0
10
23
34
78
103
314
385

1
11
28
28
152
70
269
310

1
8
21
17
60
41
269
274
643

0
13
15
16
71
59
242
249
1585

1
8
36
23
66
40
240
208
532

0
8
16
22
48
83
255
292
1233

1
7
23
18
34
91
668
500

1
6
17
17
39
39
250
207
1094

0
9
31
24
81
144
510
465

0
5
8
10
26
53
219
360
1520

1
9
30
30
73
81
419
374

1
12
67
31
67
59
248
324
2112

0
9
48
22
100
35
166
189
781

0
9
43
25
49
52
85
87
270
3204

0
6
29
21
67
67
192
180
951

1
11
31
28
215
126
293
322

1
3
14
14
84
127
236
272
1633

0
6
15
15
58
51
297
278
624

3
11
45
26
70
76

0
21
34
15
147
136
566

4
15
44
21
122
128
400

1
22
54
29
312
171

4
17
64
70
305
203

1
24
86
45
249
342

1
14
79
56
670
274

2
21
130
138
679

1
12
107
63
428
218
1207

1
10
43
24
151
217
1490

0
12
90
55
643
235
2259

1
8
39
22
151
193
1090

1
7
44
24
117
126
1061

1
11
36
34
93
128
329
407

0
6
28
23
156
107
410
526

0
8
21
17
73
63
206
272
1080

0
5
16
17
34
33
57
48
128
634
1430

0
5
12
20
24
17
28
22
29
168
199
207
325
411

0
4
3
4
4
8
8
8
8
19
21
22
18
18
18
18
21
20
21
22
27
28
29
30
50
40
35
35
34
27

8

1
2
3
4
3
4
4
5
7
6
10
5
6
6
7
7
7
6
7
6
7
7
7
7
7
6
4
4
4
4

0
2
2
2
2
2
2
2
3
2
2
3
3
3
3
3
3
3
2
2
2
2
1
2
3
3
5
3
2
2

