1
3
12
37
202
454

1
5
22
126
586
1334

1
6
16
81
491
1409

1
7
49
235
1015
2595

1
9
24
78
329
733
4130

1
9
30
87
302
859
4975

1
6
22
94
277
993
4369

1
8
40
160
192
1766
5052

1
7
30
128
240
811
4498

1
6
15
43
201
2165
9434

1
6
21
111
543
804
5902

1
4
14
89
605
1075
5885

1
8
22
88
1169
1600

1
5
25
223
1951
1359

1
3
33
318
2123
1984

1
5
28
190
968
1224
3578

1
5
37
297
1554
1355

1
3
18
189
1219
1037
3823

1
3
11
93
726
1239
3508

1

1
5
19
68
261
350
1970
5572

1
3
7
37
251
118
471
1701
5659

1
5
15
42
48
92
290
996
3293

1
5
23
80
194
120
310
1014
3726

1
4
16
35
44
60
136
471
3239

1
2
12
27
58
46
128
330
902
1628
4680

1
4
16
34
63
63
166
471
647
2277

1
2
8
15
23
44
87
145
201
416
815
1709
5145

1
3
8
15
18
67
125
210
368
476
1617
8027

1
11
23
35
47
162
307
554
934

1
11
26
41
72
194
440
1153

1
12
36
54
125
375
1445
3598

1
14
30
46
63
275
585
895
1029

1
13
26
39
56
207
389
571
926
2801

1
12
24
36
55
177
331
495
772
3418

1
16
32
48
69
293
535
777
1056

1
14
28
42
62
436
893
1312
1508

1
14
28
42
63
307
585
847
1045

1
13
26
39
56
232
462
669
909
2691

1
15
30
45
64
419
891
1318
2220

1
13
27
41
55
223
419
615
1081
2840

1
12
24
36
48
179
317
455
681
7982

1
11
23
35
60
179
442
713
1940

1
10
21
32
47
123
246
369
656
4239

1
9
20
31
55
134
262
390
752
1978
5587

1
6
15
24
41
111
270
423
887
2272
8536

1
6
14
22
47
91
239
393
876
2317
8811

1
5
19
33
87
154
464
781
1970
3872

1
6
20
34
119
181
510
803
1982
11246

1
7
17
27
51
119
222
340
761
5719

1
6
15
24
48
113
286
463
1064
7032

1
5
12
19
36
103
302
489
1249
5561

1
7
16
25
43
128
480
816
2451

1
5
14
19
41
115
363
640
1949
24436

1
6
22
38
117
244
951
1582

1
7
22
37
256
199
787
1245

1
6
16
26
92
132
715
1314
1782

1
5
15
25
167
169
685
1216
4773

1
5
26
47
209
131
590
990
1802

1
6
17
28
73
227
761
1313
3876

1
5
15
25
68
256
1188
2070

1
3
14
25
96
142
520
913
3436

1
6
24
42
150
312
1284
2229

1
5
14
23
51
162
635
1256
4329

1
7
19
31
209
258
981
1762

1
8
47
84
212
209
766
1245
6020

1
6
38
70
278
140
518
900
2539

1
6
33
60
164
171
295
445
1003
9347

1
6
26
44
128
124
412
708
2800

1
8
33
58
424
394
895
1539

1
6
30
48
197
233
716
1233
4536

1
4
14
24
148
174
730
1316
2044

1
8
40
72
245
239

1
8
37
66
411
329
1413

1
8
52
96
362
392
859

1
13
47
81
570
479

1
11
87
163
772
591

1
11
99
187
728
896

1
10
101
198
1463
796

1
13
170
327
1753

1
8
103
198
1190
639
3121

1
7
27
47
251
690
3818

1
7
89
171
1352
703
5321

1
5
27
49
389
465
2523

1
5
33
61
250
382
1953

1
8
29
50
169
289
976
1668

1
7
33
59
199
319
1188
2062

1
5
18
31
125
189
602
1050
2955

1
3
13
23
60
64
156
248
516
2802
5071

1
3
11
19
31
34
66
98
162
628
1004
1393
1823
2667

1
2
4
6
8
12
18
24
30
85
111
137
163
189
215
241
267
293
319
345
371
397
423
449
475
501
527
553
579
605

1

1
1
3
5
7
9
11
13
15
17
19
21
23
25
27
29
31
33
35
37
39
41
43
45
47
49
51
53
55
57

1
1
2
3
4
5
6
7
8
9
10
11
12
13
14
15
16
17
18
19
20
21
22
23
24
25
26
27
28
29

