22
28
16
41
114
358

1
6
33
65
332
2294

1
5
26
75
385

2
6
34
119
692

1
3
39
221
1893

1
7
39
99
1002

3
9
40
156
1506

1
8
35
114
1169

1
8
49
195
2035

1
7
52
158
1937

1
5
50
146
1380

0
6
46
169
1804

1
7
37
152
1578

1
3
24
77
647
3954

1
7
44
117
877

1
7
34
131
1580

1
5
29
91
1204

1
9
49
237
2819

1
10
63
413

6
9
49
287
2886

1
16
65
276
2522

0
10
68
142
1872

1
8
45
266

1
10
53
173
1453

1
12
49
260
2626

1
10
32
186
1856

1
11
64
250
1835

1
10
80
344

1
17
50
184

1
22
45
107
1464

1
11
32
30
264
2784

1
4
14
19
137
1240

1
8
9
28
155
1097

1
8
26
91
1331

1
13
24
87
995

1
11
36
174
2912

1
5
7
72
779

1
10
29
141
1757

1
7
8
52
338
2264

1
7
15
77
710

1
8
9
49
353

1
9
25
95
1244

1
10
20
84
956

1
7
22
114
1157

1
6
34
177
1760

1
8
34
222
3464

2
23
52
497

1
3
8
93
589

1
16
34
124
936

2
15
29
147
1431

1
16
28
159
1442

2
17
24
173
2083

2
17
34
240
3366

1
18
18
122
1832

1
23
35
205
3438

1
14
31
194
3621

1
7
64
651

1
15
56
407

1
20
67
338

2
26
48
207
2512

1
17
69
282

1
20
70
196
1799

1
10
64
358

2
31
110
374

1
27
105
259
2213

1
23
95
148
1378

1
20
87
75
852

1
22
95
77
581

1
17
77
60
361
4973

2
20
113
97
571

0
11
126
129
920

2
17
84
68
440
6118

0
21
57
51
332

2
15
70
35
218
2664

2
15
55
36
157
1837

1
15
45
30
95
986

1
15
36
22
89
915

1
17
45
24
86
785

1
25
49
39
87
1193

1
19
42
24
39
550

1
31
30
16
17
246
488

2
25
29
18
18
277
581

1
23
26
15
20
303
782

1
9
33
19
25
413
1222

1
27
61
35
62
1021

1
27
57
37
59
950

1
25
25
16
20
270
587

1
24
25
15
18
268
543

1
24
23
17
19
257
637

1
22
27
21
28
396
941

1
21
17
12
17
183
310
333

1
11
30
24
37
403
699

1
28
24
10
15
145
234
244
496

1
21
24
16
15
130
196
212
458

1
21
24
16
31
356
1194

1
16
18
14
10
110
163
180
396
3872

1
17
18
20
20
94
111
117
277
2683

1
17
21
8
13
104
122
134
312
3124

1
17
20
16
15
101
121
139
295
3218

1
18
21
12
17
137
227
404

1
13
21
20
46
509
1420

1
13
38
17
59
482
1028

0
23
16
19
40
404
517
901

1
15
11
17
32
269
465
697

1
18
26
26
27
268
455
506

1
20
11
10
15
82
149
181
697

0
13
13
10
15
64
96
113
393
2488

1
13
14
12
18
63
101
118
483
2842

1
12
10
6
29
89
143
160
763

1
16
21
8
24
177
271
290
1668

1
15
13
9
29
191
293
311
1767

1
12
20
11
31
189
302
328
2113

1
11
13
14
30
102
159
174
982

1
10
10
6
35
196
434
451

1
7
10
8
49
106
244
275
2190

0
9
10
6
30
62
152
153
931

1
4
5
5
27
49
73
75
626
2121

0
6
5
5
21
44
91
95
758
2285

1
1
2
2
3
20
48
33
219
346
1121
1166

0
5
7
7
35
68
98
104
620
2797

0
3
5
5
24
56
128
136
912
4528

1
9
17
11
43
130
250
260

0
7
10
10
37
83
181
190
1146

0
8
10
6
29
47
48
50
241
742

1
4
5
5
26
28
21
23
72
259
273
283

1
5
4
5
21
26
17
16
50
150
152
165
582

0
4
5
5
13
26
14
21
93
176
192
281
740

0
5
5
5
30
33
14
21
61
121
129
151
328
653

0
4
6
5
6
5
6
6
16
17
18
19
29
39
41
43
54
99
103
123
169
365

1
3
2
2
3
2
2
2
4
4
5
3
4
3
1
1
2
1
1
2
3
2
3
2
4
6
5
5
8
8

1
3
5
6
5
6
5
3
2
3
2
2
3
5
3
6
5
10
11
17
19
34
34
48
55
70
68
76
90
92

1
2
2
2
3
5
5
6
8
5
7
11
12
15
13
24
46
48
49
60
83
89
106
107
95
89
88
90
91
95

0
4
3
3
3
6
6
8
7
14
10
15
16
29
31
44
56
57
56
61
64
62
77
72
74
86
95
96
89

1
1
2
3
6
13
16
22
24
36
38
49
55
64
65
67
68
69
71
85
73
74
79
80

0
3
3
5
5
9
4
5
11
8
8
6
6
8
6
7
7
7
6
7
8
8
7
8
8
9
8
9
9
8

0
1
1
1
2
1
2
2
1
2
2
1
2
2
1
2
2
2
2
1
2
1
2
2
2
1
2
2
1
2

118

13

10

