579
2731
2491
853
2157
1148
1714
1327
2288
2155
1582
2025
1775
4706
1046
1753
1330
3115
487
3237
2880
2092
320
1690
2948
2085
2161
3135
252
1639
3122
1415
1298
1457
1120
3134
864
1938
2670
5098
420
1374
1071
1301
1978
3729
574
694
1111
1624
1646
2299
3659
1991
3702
3861
723
4248
426
2795
369
2086
433
517
2605
1645
1035
776
5489
803
1186
6729
461
3004
2102
1172
1078
958
1394
675
829
950
1170
1722
1207
1131
944
894
978
1436
894
1205
1197
1073
1643
4780
3358
3856
3943
837
2030
1638
1920
1507
1327
1166
3205
3665
1213
2476
2629
3007
1486
1143
2890
1353
2986
3310
2962
3741
5797
721
1664
1181
1000
1194
1570
1556
1173
94
689
1257
1144
1061
203
47
118
13
10
