1
3
15
51
232
1104

1
6
42
198
1342
9521

1
4
32
225
1624

1
5
50
391
2931

1
9
113
912
7585

1
7
64
404
4041

1
9
87
630
6074

1
8
59
441
4668

1
8
72
759
7973

1
7
66
612
7608

1
5
62
566
5482

1
5
64
619
7024

1
6
65
576
6084

1
3
29
251
2505
15827

1
6
53
375
3401

1
6
51
481
5954

1
5
38
320
4503

1
8
85
876
10498

1
10
118
1492

1
9
105
1053
10859

1
11
109
743
9018

1
8
126
576
6850

1
11
116
1000

1
9
78
604
5262

1
11
73
914
9601

1
9
57
655
6736

1
10
83
871
6775

1
9
152
1246

1
15
121
703

1
14
97
405
5140

1
10
40
94
921
9418

1
12
24
48
465
4355

1
7
14
46
513
3842

1
5
20
267
4476

1
12
27
266
3333

1
13
56
579
9516

1
10
23
166
2389

1
9
45
437
5861

1
6
12
89
1113
7858

1
6
18
179
2361

1
7
14
102
1171

1
8
32
291
4128

1
8
23
240
3133

1
6
24
315
3776

1
6
36
492
5780

1
8
48
702
11113

1
16
116
1590

1
10
31
293
1995

1
13
40
381
3062

1
14
44
444
4617

1
14
46
487
4614

1
15
49
523
6518

1
15
62
724
10368

1
15
33
339
5640

1
15
63
650
10412

1
12
52
590
10641

1
16
147
1790

1
12
119
1276

1
14
133
1067

1
13
85
644
7647

1
15
150
912

1
16
146
665
5504

1
18
152
1121

1
20
286
1261

1
21
241
901
6811

1
18
206
582
4232

1
16
183
350
2601

1
16
199
382
1908

1
14
153
292
1210
14472

1
15
231
447
1923

1
15
213
411
2078

1
14
174
334
1439
17148

1
12
128
244
1095

1
12
95
178
731
7694

1
12
95
178
565
5318

1
11
76
141
368
2906

1
11
55
99
318
2663

1
11
64
117
295
2290

1
15
104
193
394
3345

1
16
67
118
203
1609

1
18
42
66
100
721
1896

1
19
46
73
110
808
2181

1
19
50
81
122
888
2790

1
18
56
94
144
1048
4054

1
18
97
176
314
2905

1
18
99
180
312
2694

1
18
48
78
117
798
2193

1
17
46
75
113
788
2067

1
17
45
73
111
756
2264

1
16
56
96
156
1128
3255

1
16
35
54
82
533
1256
1979

1
16
55
94
151
1139
2767

1
14
30
46
71
426
930
1434
2546

1
13
28
43
67
387
841
1295
2317

1
16
41
66
119
975
3860

1
12
26
40
62
332
711
1090
1949
11553

1
11
22
33
52
273
517
761
1386
8003

1
12
24
36
56
306
583
861
1553
9274

1
12
24
36
56
308
582
867
1510
9458

1
12
27
44
70
406
932
1779

1
14
34
67
169
1406
4790

1
10
42
74
185
1368
3760

1
11
24
48
137
1131
2281
4269

1
11
22
43
106
757
1816
3347

1
13
26
51
108
764
1793
2838

1
11
22
33
53
252
586
957
2566

1
9
18
27
45
190
406
622
1535
7510

1
9
18
27
46
198
424
650
1655
8150

1
8
16
24
51
266
592
918
2733

1
11
22
33
76
502
1117
1732
5506

1
11
22
33
78
526
1196
1866
6003

1
10
20
30
84
543
1227
1911
6917

1
8
16
24
57
294
660
1026
3345

1
9
18
27
85
553
1540
2527

1
5
10
15
56
278
853
1428
6662

1
6
12
18
47
190
520
850
3042

1
3
6
9
32
112
275
438
1891
6801

1
3
6
9
31
107
311
515
2307
7564

1
1
2
3
5
13
79
145
661
1360
3787
6214

1
3
8
13
57
212
431
650
2104
8640

1
2
5
8
25
128
422
716
2767
13150

1
5
14
23
88
377
933
1489

1
4
10
16
51
217
615
1013
3616

1
5
10
15
48
152
256
360
893
2567

1
3
6
9
25
70
115
160
320
901
1482
2063

1
3
6
9
22
56
90
124
229
553
878
1218
2506

1
3
6
9
22
51
80
127
326
716
1106
1680
3285

1
3
6
9
21
51
81
122
252
522
792
1101
1807
3169

1
2
4
6
12
20
28
38
65
100
135
170
229
306
383
460
564
758
952
1191
1531
2300

1
1
2
3
4
5
6
7
8
9
10
11
12
13
14
15
16
17
18
19
21
23
25
27
32
37
46
55
69
84

1
2
4
6
8
10
12
14
16
19
22
25
28
33
38
46
55
74
93
126
165
233
301
399
506
628
750
889
1050
1214

1
1
2
3
4
6
8
10
15
20
25
34
47
62
77
108
163
224
285
373
502
631
760
902
1045
1188
1331
1474
1617
1760

1
2
4
6
8
12
16
23
32
50
68
99
132
193
254
344
439
548
657
767
877
987
1097
1207
1317
1427
1537
1647
1757

1
3
6
12
22
44
66
94
138
210
282
371
478
595
712
829
946
1063
1180
1297
1414
1531
1648
1765

1
2
4
7
10
14
18
26
37
48
59
70
81
92
103
114
125
136
147
158
169
180
191
202
213
224
235
246
257
268

1
1
2
4
6
8
10
12
14
16
18
20
22
24
26
28
30
32
34
36
38
40
42
44
46
48
50
52
54
56

1

1

1

