1431
619
928
1462
2018
1609
1580
1452
2878
3461
1982
3918
3723
4340
4046
3908
3674
2725
1954
1797
1387
2700
2854
3107
5121
3109
3199
4450
5532
5484
5845
4312
6786
6001
8063
7249
7281
10330
8094
8678
9577
9655
9275
8489
10051
10209
9660
6673
7797
7438
8670
7596
8796
6579
5729
6240
6985
6540
8936
8345
9787
8499
9222
10717
10374
9673
10826
10075
9461
10044
10841
11709
9803
12297
9618
8752
7129
7828
6942
11477
10622
9423
7799
9342
11159
8997
7115
4914
4186
5596
3398
3258
3527
3711
3517
3437
3203
3775
3547
3968
3038
3267
2949
1790
2288
3686
3204
4249
5446
4485
4557
3903
3751
4515
4168
4409
4032
2393
2361
2246
2563
2960
2553
2969
1393
1693
1803
1267
936
823
1374
687
616
674
832
959
389
281
73
168
37
16
0
67
110
78
74
47
0
0
0
0
0
0
0
4
