6195
5688
6415
9733
12612
9992
11216
10862
17154
20013
15402
20520
25458
33616
28268
23497
24049
17137
10579
12120
11080
16940
18994
16487
29810
22087
20369
27015
33720
36504
34777
25820
38596
34909
44635
43798
43725
54380
44544
44755
55213
56397
49226
45802
57023
50918
48077
40156
39927
39711
46264
44452
46091
34865
29400
35288
37064
34331
46731
39668
49825
43785
48471
51512
52219
44585
53041
46987
45784
45557
49329
58293
42564
55201
47373
41379
33331
36395
35080
53435
48696
42315
39898
39770
47471
41376
32074
24725
18498
23595
17705
16293
16458
15025
16067
14259
14190
17097
15697
16618
13539
13445
13084
7698
10252
16015
13033
19232
22056
18307
16167
14205
13360
14841
15555
16119
13847
10725
8175
8160
9574
10753
9659
10786
5650
6459
6275
5083
3505
3339
4727
2909
2824
2921
3336
2373
1461
852
170
1
59
55
1
187
272
143
126
96
18
22
5
6
1
1
1
1
