1
4
16
72
315
1735

1
5
27
163
953
6542
46025

1
7
46
293
1994
15291

1
8
68
533
4250
36293

1
10
109
1051
10207

1
7
80
681
6422
57973

1
9
134
1375
17608

1
9
127
1417
18812

1
13
217
2865
41559

1
10
141
1691
22489

1
9
152
1831
27081

1
9
132
1497
20772

1
8
119
1450
20229

1
9
162
2067
32293

1
11
226
3226
56777

1
15
257
4202
68826

1
17
357
6451

1
16
303
5341

1
15
286
4876

1
12
198
2975

1
18
290
5481

1
16
254
4559

1
18
313
6156

1
12
156
2254
28218

1
11
146
2120
27016

1
13
149
2340
26376

1
19
225
4526
53017

1
18
232
4545

1
17
232
4439
60186

1
16
206
3829

1
21
220
4519

1
23
289
6343

1
23
242
5360
63424

1
20
196
3960
43929

1
20
162
3173

1
20
179
3507
36346

1
19
138
2552
22448

1
20
131
2374
21944

1
22
190
3704
38480

1
23
147
2924
24962

1
22
156
3001

1
22
140
2643
22486

1
21
132
2366
19810

1
20
142
2449
21784

1
18
213
3568
40738

1
15
151
2342
24590

1
19
198
3466
35375

1
21
138
2418

1
23
146
2747
21269

1
20
195
3529
36681

1
17
196
3209
37186

1
17
194
3142
35395

1
15
184
2702

1
12
146
1857
21714

1
13
142
1887
19790

1
12
112
1348
12159

1
11
97
1054
9282

1
12
116
1330
12488

1
11
88
888
7170
71380

1
10
72
663
4818

1
11
71
619
3962

1
9
52
359
2069
13350

1
7
42
245
1328
7364
39183

1
5
32
159
876
4440
22802

1
6
45
221
1230
5807
26587

1
6
32
141
565
2309
7740

1
6
23
90
287
893
2140
4355
6753

1
4
12
34
71
141
219
301
384
467
550
633
716
799
882
965
1048
1131
1214
1297
1380
1463
1546
1629
1712
1795
1878
1961

1
4
9
19
32
47
62
77
92
107
122
137
152
167
182
197
212
227
242
257
272
287
302
317
332
347
362
377
392
407

1
2
4
6
8
10
12
14
16
18
20
22
24
26
28
30
32
34
36
38
40
42
44
46
48
50
52
54
56
58

1
1
2
3
4
5
6
7
8
9
10
11
12
13
14
15
16
17
18
19
20
21
22
23
24
25
26
27
28
29

