0
47
46
407

3
24
47
128
1352

1
25
121
536

1
26
69
403
1512

1
23
60
80
496

3
20
43
104
372

4
32
52
48
392

2
18
65
89
785

2
21
38
96
735

1
21
79
165
957

1
18
48
209
525

1
21
45
106
269

4
19
9
70
254

3
18
17
107
281

2
26
23
98
336

0
8
15
266
316

1
27
24
116
261
1448

2
28
53
305
3700

2
27
61
417

1
25
26
163
1319

3
44
53
1013

1
29
39
1662

1
55
44
915

1
38
29
246
785

2
25
18
212
744
6476

2
29
38
1725

0
27
33
584

1
26
46
275

3
33
26
559

1
56
41
855

1
40
57
392

2
31
45
220

1
39
39
688

1
40
38
177
1332

1
37
26
173
938

1
41
39
356
5705

2
48
40
291

1
56
38
179
1574

1
62
48
241
1974

2
47
21
362

1
32
44
280
3024

2
39
110
190
2730

3
34
73
336

2
41
47
247
2800

2
49
52
242

1
49
45
251
1896

1
50
23
268
2996

2
45
70
314

1
41
52
179
2775

2
51
25
229
2235

0
46
63
338

2
49
43
332
2509

0
47
47
265
1790

2
50
59
220
2527

2
55
41
289

1
33
46
296
1530

1
49
32
360
3489

3
48
64
354

2
74
62
306

1
53
51
306
4016

2
60
68
455

1
70
98
398

1
52
48
356
2726

0
32
31
281
1595

0
47
47
357
1761

3
58
43
468

1
60
55
428
1656

1
61
63
396
1749

1
22
23
343
1434

1
54
29
277
1105

2
63
56
936

1
48
24
731

1
54
53
924

1
45
54
473

1
53
60
514

1
42
61
521
1530

1
53
50
530
1478

1
41
67
544
1709

1
41
55
719

1
47
67
604
1401

1
48
65
556
1633

1
61
32
472
1449

1
69
70
635

1
56
90
850

1
46
50
1018

1
55
67
780

1
37
39
381
747

3
48
34
756

3
47
102
722

1
47
65
516

1
44
87
770

1
45
86
745

1
62
87
820

2
45
33
520

1
61
124
655

1
53
107
533

1
57
116
497
1692

1
51
86
687

1
54
104
473
1207

2
52
78
632
686

1
45
44
483
1079

1
7
61
197
4402

1
46
60
368
765

1
40
35
417
693

1
45
25
481

1
58
34
528

1
53
37
430

3
38
36
468

1
37
23
423
724

1
50
49
454
818

1
45
25
509
684

1
48
28
582

1
47
25
464
748

1
49
38
453
812

2
39
35
508
720

1
42
36
372
744

3
41
82
503

0
64
81
607

1
72
34
606

1
53
24
574

1
55
53
441

1
50
42
420
839

1
45
51
356
554

1
42
37
361
569

3
48
54
331

0
34
27
407

2
29
32
464

1
62
41
434

1
58
42
469

1
48
40
299
287

2
45
31
329

1
42
94
314

1
44
43
240
263

0
43
45
187

1
52
78
206
255

1
40
49
236
377

3
47
19
330

1
49
33
224
224

1
41
17
257
194
4226

0
40
21
356

0
31
47
210
203

0
38
65
245

0
16
31
220
107
2269

0
17
10
72
62
1440

0
20
7
120
54
1005

1
20
19
68
30
941

1
15
16
87
45
380
534
621

1
14
21
39
10
114
192
125
124
114
114
174

1
13
7
51
22
43
32
34
33
32
34
32
33
31
27
26
29
28
29
27
29
30

1
8
6
22
6
5
6
5
5
6
3
2
3
3
2
3
3
3
3
2
3
4
3
3
4
3
3
3
4
3

1
5
1
2
1
2
2
2
2
2
2
2
2
2
2
2
2
2
3
2
2
2
2
3
1
2
1
1
2
2

126

9

10

8

8

