500
1554
683
2011
5059
542
3461
959
892
1223
801
6125
356
3647
485
605
1877
4088
507
1534
1113
1731
1015
1099
7477
1794
644
4041
621
953
4427
298
767
1588
1175
6142
381
1848
2326
432
3381
3071
446
3137
345
2242
3338
431
3048
2542
447
2935
2149
2858
387
1906
3931
469
444
4427
585
567
3183
1939
2212
572
2200
2270
1823
1466
1057
804
1032
573
628
2155
2112
2362
816
2120
2303
2015
775
997
1115
903
16504
841
874
629
902
877
970
600
841
694
2363
825
1839
1450
1652
4668
1240
12742
552
621
521
545
1208
1372
1264
659
1285
1353
1304
13320
629
752
713
652
550
1352
1007
10347
436
468
527
538
570
9464
407
451
5144
275
592
5134
399
531
4736
417
3935
348
2643
1601
1206
1079
1699
1042
623
130
59
126
9
10
8
8
