1
34
72
1152

1
38
141
1180
8760

1
38
374
3921

1
38
286
3630
7193

1
34
113
546
3605

1
32
89
496
3170

1
26
172
423
3439

1
30
259
491
4797

1
34
73
587
5996

1
34
179
528
6117

1
32
83
564
3375

1
34
166
504
2211

1
30
39
433
2261

1
34
45
505
2124

1
40
50
546
2383

1
38
103
1750
2253

1
34
41
565
1953
11175

1
44
259
2550
22973

1
44
271
3087

1
28
109
857
9415

1
78
242
5303

1
76
255
10306

1
78
182
4781

1
44
92
1733
6249

1
38
73
1299
5177
37196

1
56
184
7230

1
52
212
3580

1
56
150
2086

1
52
92
3283

1
70
108
5227

1
52
359
2969

1
56
163
1566

1
54
112
3523

1
62
89
1044
6929

1
58
84
1079
5120

1
58
89
1199
28417

1
64
127
1522

1
60
183
1189
8649

1
72
136
1714
10439

1
68
99
1807

1
60
282
1379
14146

1
64
428
1402
14228

1
66
246
1548

1
72
253
1683
15231

1
70
163
1711

1
68
159
1812
11752

1
72
93
1750
15694

1
76
293
1845

1
60
281
1302
12190

1
66
118
1541
12572

1
70
188
1642

1
58
126
1265
13523

1
62
223
1382
8447

1
64
186
1426
12794

1
68
162
1631

1
62
145
1437
7550

1
66
105
1538
19468

1
76
361
2000

1
82
309
2018

1
78
340
2093
21042

1
82
234
2085

1
80
244
1883

1
72
153
1704
12591

1
68
126
1583
7804

1
72
144
1749
8457

1
68
143
1593

1
74
121
1814
8358

1
74
136
1739
9742

1
76
149
1837
7233

1
72
116
1633
6514

1
72
112
2875

1
70
99
2786

1
72
187
2962

1
58
200
2012

1
60
247
2192

1
54
231
1836
6924

1
62
273
2241
5864

1
58
221
2036
7927

1
56
183
1965

1
54
212
1895
5848

1
50
195
1775
7424

1
56
125
1861
7416

1
66
144
2377

1
60
289
2064

1
62
184
2147

1
60
134
2020

1
52
172
1600
4457

1
62
159
2144

1
66
318
2525

1
60
300
2124

1
58
312
2106

1
62
293
2205

1
62
267
2160

1
60
159
2030

1
60
232
2109

1
60
288
2120

1
56
219
1985
6730

1
56
254
1979

1
52
214
1724
5326

1
52
232
1586
3504

1
50
204
1496
4171

1
22
276
1032
19474

1
50
207
1452
4238

1
48
147
1517
4287

1
48
122
1462

1
54
119
1673

1
50
106
1442

1
50
110
1490

1
48
76
1378
3840

1
52
92
1548
3841

1
52
112
1613
4083

1
52
96
1576

1
52
96
1564
4014

1
54
122
1649
4064

1
50
126
1500
4198

1
48
123
1367
4271

1
56
233
1855

1
58
172
1873

1
62
117
2042

1
60
101
1897

1
54
127
1562

1
50
122
1368
4494

1
48
165
1301
3325

1
48
169
1267
3286

1
46
138
1220

1
48
109
1211

1
52
112
1509

1
52
122
1452

1
50
136
1328

1
44
98
1038
1474

1
40
84
930

1
40
149
894

1
38
138
814
1615

1
34
113
688

1
36
148
731
1409

1
36
111
718
1957

1
40
66
848

1
38
69
758
1296

1
42
53
889
1320
15477

1
38
63
735

1
34
107
624
1254

1
28
92
410

1
24
47
344
655
8609

1
22
29
269
406
6296

1
20
23
227
313
4792

1
16
32
154
209
4022

1
14
27
126
183
1914
2843
3427

1
12
20
83
81
685
1536
946
1030
1785
2200
2608

1
12
16
77
83
192
280
355
439
523
607
691
775
859
943
1027
1111
1195
1279
1363
1447
1531

1
8
12
34
27
36
45
54
63
72
81
90
99
108
117
126
135
144
153
162
171
180
189
198
207
216
225
234
243
252

1
4
4
6
8
10
12
14
16
18
20
22
24
26
28
30
32
34
36
38
40
42
44
46
48
50
52
54
56
58

1

1

1

1

1

