257
53
31
73
43

0
3
7
36
24
83
528

0
1
2
7
52
115
751

0
1
1
7
17
221
277
4727

1
2
4
34
128
394

1
1
4
41
45
276
825

1
4
16
70
30
1136

1
1
5
44
72
1200

1
3
20
71
35
1577

1
3
16
112
35
2338

1
4
7
44
101
1822

1
5
6
80
167
2593

1
3
12
78
161
2863

1
3
6
61
68
820

1
4
7
55
94
1182

0
3
5
50
68
1607

1
6
13
54
116
1632

8
4
8
60
118
2566

0
4
7
60
150
2068

0
8
9
72
118
2345

1
6
13
170
193

1
5
15
107
145
1371

1
6
18
103
267

1
7
25
170
676

1
6
29
144
1307

0
5
46
165
596

1
3
24
178
155
4147

0
5
23
79
228
2504

1
4
24
84
275
1481

0
5
61
132
396

1
5
51
167
1596

0
6
43
143
1627

1
6
28
209
1123

0
6
20
288
1763

1
7
51
379
6083

1
8
27
131
418

0
6
17
113
344

0
6
55
99
866

1
5
57
164
1336

1
5
30
112
401
3657

1
7
22
61
214
2983

1
5
29
147
1049

0
2
10
152
559

1
11
31
129
363

0
11
35
281
506

1
8
24
107
224
3633

0
7
28
117
222
2623

1
6
15
77
159
1951

0
6
12
87
173
1377

0
7
20
78
141
1885

1
5
15
72
108
1620

0
5
10
65
119
1315

0
5
10
61
64
705

0
7
16
64
98
902

0
6
17
51
83
793

0
5
10
69
61
462
922

0
5
14
60
66
662
1621

0
4
14
72
42
537
1239

0
5
9
63
87
415
799

1
3
6
43
42
245
569

0
4
8
38
33
195
422
3039

0
4
6
53
30
174
269
1732

0
4
5
39
32
130
252
928

0
4
6
38
28
104
206
941

1
3
6
29
16
76
96
375
472

0
3
4
20
22
39
42
114
142
222
240

1
2
3
11
14
24
21
41
39
44
47
43
47
48
54
50
52
53
53
58

0
2
3
9
16
12
11
11
7
7
7
6
7
7
8
8
8
8
8
8
8
8
9
9
9
9
9
10
9
10

0
1
0
1
1
1
0
1
1
1
1
0
1
1
1
1
1
1
1
1
1
1
1
1
1
2
1
1
2
1

0
1
1
1
2
1
1
1
1
1
1
2
1
1
1
1
2
1
2
1
1
2
1
2
1
2
0
1
1
0

0
1
0
0
1
0
1
0
0
1
0
0
1
0
0
1
0
1
0
1
1
0
1
0
1
1
1
1
0
1

