1
4
16
54
174

1
5
24
86
185
873
8403

1
5
26
94
839
2105
14729

1
6
32
139
389
4996
5569
103716

1
9
28
241
2750
8923

1
8
21
213
710
5958
18623

1
14
75
803
687
23393

1
13
37
487
1579
24573

1
14
118
996
757
31753

1
16
103
1215
782
46336

1
17
46
525
2094
35260

1
20
51
1367
3466
49592

1
18
69
1172
3271
54243

1
14
35
436
1333
15294

1
13
34
420
1813
21580

1
12
29
364
1361
28858

1
18
44
649
2325
28961

1
21
50
824
2373
45000

1
17
40
385
2659
36102

1
25
57
1045
2399
38180

1
30
74
2349
3711

1
23
82
1092
2590
22527

1
26
92
1500
4634

1
24
128
1977
10993

1
23
134
2210
21261

1
22
177
2420
9689

1
20
132
2312
2540
64664

1
20
108
989
3037
38274

1
20
98
1003
4328
22365

1
18
337
1779
6003

1
23
209
2278
24191

1
23
250
2114
24330

1
23
118
2867
16536

1
24
113
4052
25588

1
25
328
5249
87704

1
25
143
1693
5818

1
23
73
1314
5156

1
20
279
1316
12605

1
19
274
2254
18963

1
17
106
1125
5574
50234

1
19
90
736
3051
40590

1
17
124
1629
15272

1
25
108
1865
8221

1
26
108
1574
5575

1
27
188
3398
7543

1
25
102
1122
3420
47868

1
24
97
1340
3587
34322

1
21
69
684
2351
25467

1
20
55
625
2128
18195

1
19
85
959
2258
25205

1
19
74
784
1804
19894

1
17
50
479
1558
17312

1
17
42
388
1040
9285

1
17
66
515
1488
12046

1
15
76
476
1264
10099

1
14
47
346
983
6377
15200

1
15
61
590
1120
9137
27527

1
16
53
467
753
7233
21620

1
16
46
387
920
5669
13537

1
15
44
306
709
3411
10078

1
14
38
262
570
2739
7581
42437

1
13
32
214
356
2446
5120
25353

1
11
28
154
365
1671
3860
14203

1
12
31
177
367
1540
3924
14376

1
11
26
118
247
972
2020
6402
10790

1
9
20
85
167
532
970
2141
3718
5640
7866

1
7
15
52
99
260
493
968
1270
1617
1968
2353
2825
3218
3611
4004
4397
4790
5183
5576

1
5
13
48
79
116
160
242
299
356
413
470
527
584
641
698
755
812
869
926
983
1040
1097
1154
1211
1268
1325
1382
1439
1496

1
3
8
15
17
22
27
32
37
42
47
52
57
62
67
72
77
82
87
92
97
102
107
112
117
122
127
132
137
142

1
2
5
8
11
14
17
20
23
26
29
32
35
38
41
44
47
50
53
56
59
62
65
68
71
74
77
80
83
86

1
1
2
3
4
5
6
7
8
9
10
11
12
13
14
15
16
17
18
19
20
21
22
23
24
25
26
27
28
29

