360
156
78
0
16
0
0
0
0
16
16
15
15
16
16
15
31
31
31
32
31
31
35
31
31
32
31
15
31
31
32
31
31
31
32
31
31
31
31
31
46
31
32
47
31
31
31
62
47
31
31
31
31
46
31
47
31
26
47
46
49
63
47
62
46
45
62
47
31
31
31
47
31
52
47
47
47
47
31
47
46
47
17
47
47
46
16
32
31
62
63
63
46
78
63
47
78
47
47
47
62
62
63
78
78
62
63
78
63
93
98
109
110
78
93
124
360
79
77
130
185
78
547
218
855
1182
791
94
681
470
343
109
778
574
295
926
936
125
1167
1155
384
141
134
966
823
771
141
125
209
493
417
198
177
203
156
188
400
141
78
141
610
1013
719
1329
375
141
254
203
187
1370
136
452
436
188
110
219
281
251
313
141
93
265
141
62
361
94
188
143
883
140
549
567
1025
187
172
234
437
329
361
371
111
188
333
297
140
109
168
311
249
953
249
109
313
298
344
206
94
62
351
159
125
265
198
207
187
206
156
516
141
1231
1308
281
624
375
683
387
430
94
281
437
218
156
1661
538
156
172
478
998
94
648
305
255
141
145
951
234
187
172
234
314
328
187
246
260
531
928
1321
4108
4952
6844
1912
1389
1163
6751
8857
5309
19056
3486
3082
1453
2688
2155
1773
3920
8999
6221
14198
6782
3036
1688
11243
12696
10736
12792
2735
3469
3295
3303
6099
3239
3344
1649
2681
4454
1792
3687
2582
2422
2116
1625
1674
1201
1361
1070
900
794
1438
1475
812
787
638
422
547
171
344
437
359
93
125
47
78
94
172
93
78
31
16
31
16
32
