456
291
90
22
27
9
18
15
15
27
21
24
21
30
27
27
48
42
45
39
57
36
39
39
33
39
51
54
60
63
63
54
51
48
42
57
51
51
66
69
69
75
69
66
81
72
66
72
66
54
48
57
45
81
51
87
81
84
93
93
93
90
96
96
93
96
96
93
84
81
84
87
81
81
96
102
102
96
102
99
93
105
99
96
90
90
99
117
114
114
111
132
120
136
131
134
135
138
141
142
126
145
150
153
155
145
142
188
165
170
193
195
178
161
165
310
766
191
186
300
416
164
1203
476
1873
2515
1687
183
1442
900
653
209
1626
1063
496
1890
1910
225
2403
2374
763
220
235
1894
1688
1621
241
192
426
1009
845
354
297
314
273
249
792
225
179
273
1196
1956
1436
2571
694
238
471
373
319
2600
191
842
793
323
197
335
531
457
596
199
168
442
237
161
719
165
352
227
1627
230
1034
1020
1848
301
288
390
735
564
565
636
180
301
541
500
247
200
335
573
431
1729
339
184
573
543
594
377
220
180
646
297
227
430
371
324
315
322
262
894
194
2109
2193
459
893
549
1147
659
752
190
483
740
344
248
2772
886
203
279
765
1613
194
1047
485
417
222
238
1455
349
300
312
388
469
538
295
360
392
774
1414
2025
6484
7890
10716
3003
2081
1797
9881
13002
8003
29360
5204
4749
2170
4024
3269
2616
5900
13666
9345
21613
10267
4559
2522
17075
19300
16161
19300
3669
5173
4886
4847
8945
4766
4856
2386
3968
6549
2626
5339
3773
3494
2551
2154
2360
1716
1915
1547
1168
1131
2084
2129
1098
1121
871
538
737
183
452
600
448
96
180
40
96
106
228
114
73
28
15
1
1
1
