537
219
140
328
328
413
281
344
657
629
570
879
1219
1166
307
421
328
219
172
1198
406
694
564
443
568
827
688
915
700
1633
460
678
976
893
1100
1002
657
5031
2087
2105
798
5481
2063
1782
717
874
488
1139
845
865
2827
1160
578
1328
903
1264
1313
1272
515
1959
766
718
1275
945
537
455
10827
738
944
1171
764
1565
3794
10124
4912
4750
4844
1569
2417
5429
6201
1673
1306
1255
3400
1468
534
519
355
844
783
391
608
797
1329
841
1072
753
1017
1041
406
732
451
359
375
1842
678
718
812
973
967
1460
954
1047
1011
1291
766
832
827
1064
1078
1343
889
375
546
219
1047
561
140
281
294
156
62
212
171
172
156
94
55
157
0
0
0
16
62
48
31
16
0
0
0
0
8
0
0
0
