1152
820
965
1701
2637
2251
2440
2791
4060
4362
2975
5658
7008
5596
1769
1892
1530
1272
830
6461
2547
3622
3018
2563
2662
4206
4587
5083
3852
9530
2157
3347
4948
5202
5961
5511
2630
26381
9733
10423
4522
26589
9514
9576
3720
4303
2474
5339
4937
4966
14353
5916
3722
5618
4159
6622
6264
6322
2295
8801
3289
3903
4379
2701
2881
2431
50115
3493
4192
5421
3279
6413
15602
43959
22790
19708
21500
5152
8812
23305
22625
6907
6131
4864
15997
6948
2501
1820
1615
4822
3189
2253
2569
3999
4061
3822
4686
3904
4193
4157
1580
3251
2430
1692
1945
6735
2685
2273
2560
3863
3147
6779
2957
4013
3611
4225
2622
2492
2620
3764
4125
4159
3474
1482
1564
1014
3587
1976
701
613
1359
773
228
750
842
586
424
282
90
1
31
27
1
87
127
73
83
36
12
18
5
6
1
1
1
1
