29
24
17
62
83

0
4
18
34
173
662

0
2
16
60
87
826

0
4
25
68
253

1
7
25
104
854

1
6
32
127
172
816

1
2
28
157
180
1982

1
3
31
240
360

0
5
22
94
200
1771

1
5
15
76
406
2248

0
6
22
127
905

1
4
23
138
1115

0
2
8
152
746

1
7
30
153
663

1
7
37
117
649

0
6
20
49
754

0
8
29
152
347
4476

1
10
25
418
714

1
9
32
280
1798

0
6
42
162
618

1
8
50
301
1070

1
6
41
145
607

1
9
36
56
438
8447

0
3
11
114
577

1
7
28
152
1047

0
6
34
164
439

0
7
38
267
2334

0
7
49
209
2069

0
8
42
178
901

1
5
41
48
742

1
5
16
70
738
1985

1
6
48
185
1491

0
7
30
88
1426

0
9
40
96
1248

2
7
38
102
1085

0
9
38
224
1575

0
8
37
147
1254

1
9
39
110
563

1
7
29
162
741

1
7
9
71
476
1388

0
9
37
196
1314

0
3
7
55
269
1368

0
6
20
34
160
1126

0
2
10
61
521
551

0
5
27
62
166
253
3438

1
5
13
42
45
211
1120

0
4
26
64
39
153
795
5064

0
4
29
50
21
105
694
3144

0
3
8
24
20
39
125
354
1392

0
2
8
23
21
28
39
144
463
626

1
1
5
19
19
13
15
19
21
24
24
25
26
25
26
26
28
26
28
29
28
32
29
31
31
31
31
32
32

0
2
4
3
4
7
9
4
2
2
3
2
2
2
3
2
2
3
3
3
2
2
2
2
3
2
2
2
2
2

109

3

