10
27
14
48
112
154
330

1
13
32
34
175
227

1
13
30
62
396
198
1469

4
9
28
78
337
324
2035

1
7
16
72
427
461

1
23
15
85
778

2
14
24
117
1095

1
6
14
66
541
763

1
12
23
129
1578

1
21
27
194

2
18
24
112
958

1
23
46
154
1608

1
27
40
158
1773

2
14
20
73
709

121

3

2
2
9
40
97
101
752
5598

3

1
2
13
65
296
358
3562

2
3
18
39
72
94
1029

1
2
31
59
125
173
1723

1
2
17
45
66
95
950

1
5
41
36
53
45
532

1
4
36
44
61
45
617

1
4
20
39
91
115
1776

1
6
29
89
192
270

1
5
43
183
529

1
2
32
337
1366

1
2
14
98
308
390

2
7
24
64
687
732

2
7
45
305
2264

2
10
31
89
642

1
10
70
344
465

1
9
54
259
421
641

2
9
59
193
2301

1
8
61
236
3226

1
8
74
238
3251

1
7
71
379

1
8
74
400

0
8
62
448

1
5
32
142
539

2
14
52
279
514

1
8
42
158
441
551

1
3
18
239
625

1
7
46
266
1657

2
8
44
234
1651

1
7
50
156
610
1036

2
8
36
124
443
712

1
7
31
75
487
674

1
12
40
129
436
620

2
23
41
263
509

2
23
34
170
292
516

1
33
28
111
364
527

2
30
12
69
323
792

2
42
19
171
531

1
50
12
123
426

1
36
27
200
2979

1
31
17
79
296
403

1
35
17
73
144
281
2913

1
50
33
279
336

2
36
20
357
4807

1
41
15
196
276
434

1
29
9
54
151
271
2805

2
29
15
43
143
222
2485

1
10
6
40
229
407

1
25
26
76
378
203
2079

1
31
17
74
754

1
35
19
99
505
523

1
38
15
82
311
204
1934

1
31
21
83
283
269

1
30
29
80
265
174
1659

1
22
10
36
69
80
1088

0
9
8
28
128
124
972
3084

1
5
5
28
65
59
582
1920

1
5
1
8
25
18
90
246
685
718

1
4
2
9
29
20
33
117
406
462
1052

1
4
6
34
49
45
190
399
647

0
5
7
16
38
21
45
64
71
78
75
77
76
80
81
83
82

