1
6
15
51
167
342
1247

1
12
39
147
643
960

1
8
30
225
1624
971
6209

1
4
20
169
1310
1581
8497

1
4
17
165
1740
2253

1
14
21
292
3104

1
10
30
418
4265

1
2
15
177
2106
4040

1
8
39
459
6144

1
18
73
747

1
14
41
412
3751

1
14
71
589
6282

1
14
79
607
6871

1
8
21
215
2723

1

1

1
1
7
48
318
588
3008
21284

1

1
1
12
113
1101
2089
12631

1
1
13
48
227
407
3217

1
2
28
158
409
784
5501

1
1
15
71
236
440
2991

1
4
56
131
200
214
1455

1
3
33
105
218
205
1765

1
3
21
97
296
515
5392

1
4
39
264
625
1132

1
7
28
230
1138

1
7
49
379
1964

1
4
33
239
854
1464

1
5
22
160
2081
3045

1
6
60
893
6633

1
8
44
252
1927

1
7
81
1020
1433

1
6
70
747
1258
2488

1
7
57
508
6450

1
6
91
722
7943

1
5
99
725
9362

1
5
109
1099

1
6
93
1103

1
9
103
941

1
7
56
403
1501

1
6
64
748
1482

1
5
50
434
1277
2041

1
7
50
450
1625

1
5
58
732
4616

1
6
35
641
4453

1
5
39
420
1707
3706

1
6
35
331
1271
2714

1
5
21
181
1377
2765

1
6
32
334
1227
2379

1
12
65
715
1425

1
12
42
455
823
1806

1
16
40
279
1012
1659

1
16
27
185
876
2559

1
26
48
462
1453

1
28
35
318
1164

1
24
60
553
7977

1
18
29
224
814
1309

1
22
33
207
397
859
7772

1
26
76
740
922

1
24
44
947
12789

1
18
30
514
752
1572

1
16
22
118
423
983
7414

1
16
20
101
381
803
6225

1
16
19
101
606
1329

1
12
25
168
1003
798
5514

1
14
29
185
1968

1
16
30
259
1330
1949

1
16
33
209
828
726
5012

1
18
35
223
750
968

1
14
33
197
688
669
4398

1
8
14
70
179
329
2309

1
2
4
26
183
340
1934
8138

1
2
4
23
142
261
1506
5649

1
2
2
7
34
61
261
779
2263
3747

1
2
2
8
41
74
138
385
1284
2183
4336

1
2
5
24
115
210
606
1426
2773

1
2
5
19
62
105
200
327
456
585
714
843
972
1101
1230
1359
1488

