128
10
6
18
65
114
263

1
1
2
8
28
131
425

1
6
5
39
66
305
1217

2
10
23
38
66
728

1
8
16
33
112
957

1
5
12
43
144
1248

3
10
11
37
67
1166

2
8
24
20
106
1175

1
8
17
30
57
1055

2
11
20
44
83
1656

0
4
4
40
127
2636

1
11
17
51
168
4244

1
5
5
48
183
4156

2
20
22
100
177

0
4
7
53
262

2
20
35
204
214

1
17
19
98
432

0
8
9
89
205
4519

1
18
23
90
253

1
19
24
58
265
4072

1
24
23
132
413

1
25
22
76
234

1
19
10
85
616

1
17
37
68
299
3060

0
31
12
181
242

1
22
20
240
609

1
24
48
325
419

1
27
31
292
505

1
24
37
220
650

1
24
44
196
525

1
16
55
200
750

2
29
49
464
1082

1
24
14
327
1042

2
23
28
94
1181

1
30
22
119
1357

1
31
28
298
797

1
26
24
101
1148

1
27
29
359
675

1
25
62
257
813

1
32
69
277
877

1
24
74
625
14119

2
27
39
643

1
33
66
318
11459

1
17
48
1090

1
35
56
953

1
23
53
632

2
31
25
1138

1
32
64
956

0
26
48
1180

1
41
63
1323

2
40
127
905

1
38
57
734

2
34
78
1803

1
15
102
2209

2
45
170
2145

1
44
59
735

1
43
124
1296

2
42
41
554

1
48
43
661

1
45
42
1354

1
40
83
3292

1
46
37
3212

1
38
163
1045

1
50
179
1518

1
56
99
912

1
49
191
1085

1
46
144
613

1
53
35
1865

1
50
174
682

1
47
154
1658

1
52
27
1343

1
49
39
2484

1
43
39
1787

1
46
29
1091

1
47
85
1838

1
47
54
1852

1
45
56
1917

1
46
88
1066

2
31
36
1062

0
32
112
1004

1
28
105
1245

0
14
77
1526

1
30
86
1161

1
33
44
491
9470

1
36
42
692

2
33
57
460
4807

1
30
52
374
2147

1
28
33
237
2763

1
29
19
312
1665

1
28
27
252
1476

1
28
38
131
2213

1
25
38
139
1344

0
20
30
139
777

0
18
18
76
285
689

1
14
24
51
152
382
904

0
12
13
36
66
144
271
297
303

0
10
11
17
13
17
15
18
15
15
15
16
16
16
18
18
20
18
19
19
19
20
18
19
20
21
21

1
2
2
2
3
2
2
3
2
2
3
2
3
2
2
3
3
2
3
1
2
1
2
1
2
2
2
1
2
1

0
2
0
1
1
0
1
1
0
1
1
2
0
1
1
1
0
1
1
1
1
1
1
1
0
2
1
2
1
1

5

3

