1
6
17
55
301
829
3516

1
6
11
59
427
1552
6312

1
12
24
226
820
4550
19980

1
22
88
453
1031
11862

1
22
67
252
1741
14852

1
22
52
296
1461
19208

1
20
40
259
918
17930

1
22
70
171
1610
17858

1
20
62
236
881
14929

1
26
89
521
1281
24126

1
30
69
586
1926
38653

1
36
128
621
2495
59520

1
40
78
602
2554
59693

1
46
99
1084
2577

1
42
90
707
3745

1
48
201
2692
2925

1
46
114
769
5332

1
50
82
1067
2787
60653

1
50
150
1152
3275

1
42
102
585
3507
52253

1
52
135
1325
5349

1
48
116
827
3091

1
46
59
827
8030

1
42
129
718
3890
38787

1
58
74
2136
3142

1
56
141
2861
7670

1
58
295
3054
5160

1
60
127
3433
6221

1
54
308
2425
7920

1
50
353
2344
5779

1
46
368
2304
8483

1
56
456
5262
12489

1
58
95
3500
12053

1
54
197
1048
13341

1
54
151
1197
15150

1
58
118
3058
8895

1
52
147
1037
12805

1
62
171
3587
7361

1
52
381
2669
8577

1
50
538
2650
9268

1
56
659
6391
150893

1
62
301
6214

1
66
464
3220
119812

1
70
247
10749

1
68
419
9423

1
70
489
6161

1
74
130
11011

1
70
409
9276

1
68
451
11423

1
78
442
12417

1
72
842
8301

1
68
357
6706

1
80
673
16419

1
82
924
20031

1
84
1103
19402

1
86
452
6629

1
84
871
11565

1
82
234
4893

1
84
298
5663

1
88
264
11429

1
86
676
28446

1
90
277
27700

1
88
1374
8727

1
86
1356
12443

1
84
727
7179

1
90
980
8125

1
80
1147
4938

1
90
198
14847

1
84
1431
5496

1
86
1284
13574

1
88
151
10353

1
86
261
19328

1
82
245
14228

1
82
199
6666

1
78
506
12516

1
70
324
14217

1
68
363
13710

1
62
574
7125

1
64
237
8153

1
56
768
7673

1
64
747
9404

1
60
478
10283

1
58
490
8760

1
48
253
3578
70954

1
46
196
4949

1
46
287
3405
36238

1
40
204
2782
16174

1
34
115
1716
20764

1
38
72
2235
12610

1
38
73
1772
11097

1
32
209
995
16516

1
30
176
1015
10035

1
26
95
1027
5883

1
22
43
470
2180
5625

1
18
50
283
1195
3443
8065

1
14
28
170
564
1406
3011
4690
6224

1
10
18
61
92
223
298
373
448
523
598
673
748
823
898
973
1048
1123
1198
1273
1348
1423
1498
1573
1648
1723
1798

1
6
9
15
21
27
33
39
45
51
57
63
69
75
81
87
93
99
105
111
117
123
129
135
141
147
153
159
165
171

1
2
2
3
4
5
6
7
8
9
10
11
12
13
14
15
16
17
18
19
20
21
22
23
24
25
26
27
28
29

1

1

