152
20
18
51
115

0
3
16
38
171
485

0
3
29
49
132
690

3
4
36
39
238
2135

1
5
44
137
861

1
7
26
204
293

1
6
33
183
1442

0
2
31
202
315

0
8
75
481

0
9
43
88
454

0
6
25
77
408
5831

0
6
27
85
678

1
5
65
333
835

0
4
42
276
521

0
6
59
431
967

0
7
76
689

1
7
55
298
1192

1
6
21
194
640

1
6
62
625
1422

1
6
56
316
847

0
9
32
519
1028

1
8
36
469
1187

0
8
24
547
1123

1
11
22
427
1112

0
8
22
174
918

1
8
33
273
1022

1
9
40
579
1068

1
9
22
143
1448

0
7
20
82
240
2266

0
9
34
216
338
7186

1
6
66
570
252

1
8
68
376
189
3047

0
3
7
319
243
3668

1
7
82
386
381

0
7
44
268
595

0
9
57
350
297

0
7
40
303
166
2993

1
7
26
122
346
3194

0
2
20
129
191
3909

1
7
27
202
767

1
10
30
155
868

1
6
21
169
671

0
6
34
212
595

0
7
36
167
277
1629

1
6
18
73
129
471

0
7
24
70
90
299
2639

1
7
28
94
66
550

0
8
27
67
71
265
1178

1
4
22
66
43
135
449
7972

0
4
28
45
38
57
117
1115

0
4
12
14
15
11
12
64
78
80
81
79

0
2
3
5
5
6
8
4
4
3
2
2
3
2
3
2
3
2
2
3
4
4
4
3
3
2
2
2
3
2

0
1
0
1
0
1
1
0
1
0
1
0
1
1
0
1
1
1
1
1
1
0
3
0
1
1
1
0
1
1

2

3

