1
7
22
157
593

1
8
38
184
1211
5481

1
8
81
301
1403
8859

1
14
191
437
3149
28265

1
17
183
1583
9661

1
12
67
2183
3479

1
22
182
2201
17742

1
16
212
2522
3737

1
25
460
6039

1
21
172
955
5381

1
19
73
687
4720
68163

1
16
70
798
7901

1
13
262
3693
9784

1
10
189
3088
5889

1
16
227
4690
10776

1
21
390
7653

1
20
259
3289
12825

1
19
93
1980
6700

1
17
298
6767
15174

1
16
267
2989
8460

1
23
155
5306
10440

1
21
112
4714
12080

1
21
69
5414
10215

1
20
70
4190
11087

1
19
52
1497
9160

1
22
91
1857
9879

1
25
113
5261
10097

1
24
147
1333
13587

1
19
68
658
2245
20319

1
21
143
1977
3115
65645

1
18
360
5337
2378

1
16
277
3269
1769
26791

1
14
60
2839
2151
31844

1
18
395
3470
3297

1
19
142
2221
5276

1
18
159
3005
2569

1
16
143
2627
1476
24852

1
17
52
961
2965
26397

1
13
169
1096
1708
31869

1
16
100
1639
6614

1
18
81
1216
7035

1
14
62
1318
5961

1
12
113
1705
5558

1
14
112
1270
2533
13605

1
14
55
412
937
3818

1
14
63
349
621
2587
22446

1
15
68
689
556
4535

1
16
68
422
606
2362
10545

1
9
55
376
399
1262
4261
90524

1
8
47
195
233
517
1286
14406

1
5
30
102
113
155
215
1287
1817
2234
2651
3068

1
4
10
20
27
36
45
54
63
72
81
90
99
108
117
126
135
144
153
162
171
180
189
198
207
216
225
234
243
252

1
1
2
3
4
5
6
7
8
9
10
11
12
13
14
15
16
17
18
19
20
21
22
23
24
25
26
27
28
29

1

1

