125
21
59
203

0
15
31
157
1583

0
0
47
172
2181

0
8
54
110
1478

3
9
61
138

0
9
68
119

2
9
32
298

2
9
14
180
2045

1
8
35
167

4
9
29
144

2
12
44
257

1
9
36
157

3
10
49
212

1
9
52
171
652

3
7
21
123
490
3059

1
9
82
543

2
9
74
315
3303

3
11
28
404

1
11
29
318
1671

1
9
28
324
1417

7
9
21
280
1230

1
8
27
260
1091

0
7
19
158
815

3
11
15
278
1251

1
8
21
309
1393

0
7
25
134
1025

1
6
15
92
915
1978

0
15
31
975

2
14
71
970

1
17
97
1395

1
21
81
1029

1
25
131
1406

1
21
119
1476

1
26
129
1537

1
23
169
1956

1
19
32
277
1792

1
17
47
280
1931

1
19
61
458
2536

1
17
48
538
2663

3
17
35
367
2727

1
16
45
245
2240

2
18
55
276
2508

1
8
39
276
2953

3
26
63
335

3
20
62
381
1970

1
28
64
459

1
25
38
759

1
28
67
1485

1
29
63
3053

1
26
55
696

2
23
71
2285

1
25
87
791

1
24
70
1307

1
25
74
2824

1
27
67
2733

1
25
63
2345

2
21
71
1292

1
27
44
1589

1
29
37
2403

1
32
24
1709

1
15
22
2030

1
29
45
752

3
23
79
1586

1
22
129
1575

1
19
120
2112

1
24
91
1760

1
21
143
2487

1
21
57
912

1
22
204
3089

2
21
84
2551

1
17
79
2451

3
31
163
2678

1
24
55
1995

2
31
95
2807

1
28
52
2527

1
26
51
1672

1
29
133
3382

1
27
79
3533

0
15
158

1
27
31
508

1
33
43
572

1
26
52
555

1
27
40
538

1
27
36
470
1680

3
24
30
473
1795

1
26
100
1958

1
15
62
1290

1
24
69
1193

1
23
74
1338

1
24
45
400
3232

1
27
77
432
3223

1
24
50
467

1
11
50
480
3230

2
26
70
478

1
25
72
497

1
24
81
503
3726

1
27
76
509

1
32
78
515

1
29
60
561
5056

3
21
62
410

1
21
66
425
4603

1
24
66
411

1
24
73
419

1
25
44
445

2
28
38
459
5679

1
26
48
471

1
13
44
515

1
32
49
468

1
26
54
496
5562

1
24
47
628

1
26
48
466

1
25
46
461
3943

2
24
45
481

2
20
31
424

1
27
34
450
2583

1
25
35
454
2895

0
15
79
417

0
21
28
372
2869

0
15
47
454

2
24
47
408
2932

1
14
36
359
2255

3
28
49
356

1
22
61
376
2623

1
11
62
555

3
28
43
301
2017

1
21
47
292
2481

3
22
38
324
2502

2
20
68
317

3
30
33
309
2054

1
20
29
223
1471

2
22
43
219
1546

2
21
27
202
1657

2
32
32
221
1468

1
18
38
187
1075

2
16
29
147
764

1
16
29
132
537
2220

1
14
27
106
521
2027

1
16
38
118
493
2399

1
15
40
104
494

1
11
34
80
415
1511

1
11
32
70
315
1044

1
8
37
62
233
663
3043

0
10
20
57
147
514
2326

0
10
23
54
101
322
1188

0
10
17
52
99
202
540

1
6
17
37
60
115
294
865

0
8
11
32
39
57
77
127
120
125
124
125

1
4
6
31
15
10
9
9
8
9
8
8
9
9
10
9
9
9
10
9
10
10
9
10
11
11
11
10
12
11

0
3
3
4
4
6
6
5
2
3
2
2
3
3
3
2
3
2
1
2
2
2
1
2
3
1
2
2
2
2

1
0
1
1
1
1
1
1
0
1
1
1
1
1
1
1
1
1
1
1
1
1
2
1
1
2
2
1
1
1

9

7

6

6

7

