408
1786
2400
1650
3555
2001
341
2250
3411
2002
315
3685
274
885
3703
635
3703
446
2030
1779
1547
1387
999
1558
1732
1191
3007
1021
1057
1510
1132
1563
1617
1693
2149
2121
2276
3075
3267
3149
2547
2859
3277
427
2436
552
823
1581
3146
778
2381
904
1402
2924
2828
2434
1386
1661
2470
1766
2068
827
1691
1727
2252
1876
2652
991
3316
2658
2548
2875
2075
2935
2608
1750
3545
3640
2880
567
649
634
606
2214
2325
2085
1368
1287
1436
3702
3760
542
3772
576
595
4335
613
626
5707
496
5116
502
517
515
6206
546
573
550
6139
700
541
4476
552
477
3095
3410
511
3290
516
3413
2665
436
3083
629
2392
2842
2889
407
2429
1744
1832
1909
1755
1319
958
2935
2696
3065
654
2052
1473
4047
3074
1698
920
1395
845
297
78
31
9
7
6
6
7
