1
17
121
1017

1
14
142
1035
13200

1
14
213
1764
21065

1
16
218
1037
14225

1
16
319
1305

1
17
322
1141

1
25
72
2492

1
23
69
1408
18267

1
21
85
1449

1
23
121
1172

1
25
129
2213

1
23
154
1337

1
25
183
1791

1
24
149
1389
5536

1
18
55
956
4294
25718

1
25
504
4803

1
23
439
2791
29224

1
26
75
3400

1
26
70
2581
14561

1
23
66
2639
12028

1
22
64
2283
10410

1
21
58
2091
9186

1
15
46
1108
6890

1
26
69
2107
10055

1
20
57
2027
11488

1
16
48
945
8479

1
10
36
470
7528
15311

1
36
133
7852

1
34
442
7844

1
36
612
11152

1
45
414
7661

1
46
733
10413

1
47
832
10851

1
49
932
11189

1
49
1126
14179

1
41
110
2132
13626

1
39
188
2079
14485

1
39
236
3422
19051

1
38
181
3933
19421

1
38
183
2730
20101

1
37
199
1773
16152

1
40
213
1983
17876

1
40
223
1982
21297

1
42
313
2295

1
46
361
2756
13542

1
49
294
3293

1
52
170
4426

1
52
358
10505

1
54
265
21169

1
54
184
4864

1
50
368
16135

1
49
479
5534

1
50
378
9090

1
49
366
17033

1
50
363
18487

1
54
357
15992

1
51
427
8825

1
53
147
10431

1
54
125
15642

1
49
116
11313

1
49
118
13358

1
48
161
4853

1
45
357
10463

1
41
598
10329

1
38
680
13825

1
40
487
11578

1
41
865
15652

1
39
134
5883

1
43
1148
19636

1
47
472
16473

1
47
417
15950

1
48
973
16168

1
46
219
12605

1
50
505
17571

1
49
195
15822

1
50
167
10306

1
49
715
20909

1
49
432
22113

1
48
847

1
48
122
3068

1
46
149
3434

1
45
147
3322

1
43
143
3030

1
43
113
2772
9662

1
40
106
2812
10547

1
41
479
11441

1
39
307
7515

1
38
291
6955

1
39
267
7735

1
37
124
2337
17731

1
38
323
2471
18749

1
40
210
2706

1
39
206
2684
18747

1
39
344
2737

1
41
332
2795

1
41
340
2850
21408

1
42
346
2889

1
43
341
2953

1
40
204
3043
28352

1
40
289
2263

1
40
289
2314
25864

1
39
293
2265

1
39
301
2293

1
40
171
2424

1
38
162
2424
31441

1
39
164
2489

1
40
193
2708

1
39
129
2444

1
38
183
2605
30170

1
39
184
3332

1
38
181
2441

1
39
179
2419
21456

1
37
181
2489

1
37
135
2226

1
37
135
2330
14130

1
36
133
2358
15639

1
32
127
2096

1
31
122
1921
14572

1
36
135
2230

1
35
143
2103
16007

1
34
196
1852
12461

1
33
193
1822

1
31
195
1912
13237

1
30
195
1662

1
29
171
1524
10855

1
30
174
1462
13362

1
31
164
1612
13182

1
30
182
1561

1
31
135
1550
10771

1
28
100
1110
7812

1
30
124
1117
8239

1
28
71
991
8697

1
29
101
1111
7821

1
26
109
914
5766

1
23
73
722
4133

1
22
71
632
2978
11721

1
19
80
530
2860
11030

1
19
76
520
2739
13020

1
18
82
511
2681

1
16
81
414
2234
8363

1
14
68
360
1749
5862

1
12
61
287
1332
3844
17438

1
11
51
266
869
3037
14033

1
10
43
215
612
2007
7548

1
10
32
163
611
1268
3693

1
8
26
123
379
786
1939
6546

1
7
22
87
209
423
713
1462
1893
2340
2787
3234

1
5
14
40
74
96
125
154
183
212
241
270
299
328
357
386
415
444
473
502
531
560
589
618
647
676
705
734
763
792

1
3
7
13
18
23
28
33
38
43
48
53
58
63
68
73
78
83
88
93
98
103
108
113
118
123
128
133
138
143

1
1
2
3
4
5
6
7
8
9
10
11
12
13
14
15
16
17
18
19
20
21
22
23
24
25
26
27
28
29

1

1

1

1

1

