28
33
15
43
83
130
325

1
9
38
57
159
250

0
5
24
75
381
195
1462

3
3
26
70
319
317
2044

1
1
5
56
532
495

1
9
13
86
760

1
5
27
124
1069

1
1
12
65
534
760

1
5
34
137
1575

1
9
45
197

1
7
34
123
953

1
7
43
155
1653

1
7
47
161
1772

1
7
15
71
724

117

1

1
2
14
37
89
98
754
5752

2

1
2
13
62
289
352
3330

2
2
21
53
92
114
560

1
3
32
73
175
226

1
2
18
65
265
354

1
2
16
78
391
497

1
0
4
24
193
406
2320

1
8
38
89
347

0
7
17
37
129
196
1361

1
6
34
91
303
405

1
4
13
66
104
247
1132

1
3
28
98
385
558
3743

1
6
24
116
1268

1
6
38
284
710

2
19
28
103
790

1
12
50
271
2436

1
13
28
275
1718

2
10
78
557

1
8
58
292

2
13
45
344

1
13
56
361

1
21
50
540

1
14
51
309
1952

0
17
57
495

1
15
57
453

1
14
92
1107

1
10
46
332
4279

1
13
77
477

1
10
33
413

1
9
27
156
1403

1
10
18
73
1109

1
5
48
214
2086

1
3
25
111
912
616

0
5
23
81
710
580

0
0
4
47
560
721
2948

1
1
9
42
241
385
830

1
1
7
41
189
242
595

0
4
13
54
199
221
774

0
2
6
26
118
147
317
1283

0
2
7
34
149
185
772

0
2
7
49
161
220
397
1193

0
9
25
81
312
290

1
6
10
43
169
194
585

1
6
18
70
530
280
1388

1
12
30
115
934

0
12
21
57
665
521

1
8
18
101
683
325
1620

1
4
15
58
184
131
483
1910

0
10
9
30
96
29
130
306
537

0
3
6
43
83
40
283
310
1012

0
5
5
13
49
11
9
47
245
470
373

0
4
3
9
27
12
13
42
204
360
403
1401

0
2
2
6
22
15
49
61
171
196
556
1926

1
0
1
4
22
24
25
110
537
600
1061

1
1
2
8
26
12
10
49
274
295
463
1061

0
2
2
1
2
2
2
2
2
3
2
2
2
3
3
3
3
1
1
1
1
2
4
1
1
2
1
1
1
1

