1
3
15
51
167
342
1247

1
6
39
147
643
960

1
4
30
225
1624
971
6209

1
2
20
169
1310
1581
8497

1
2
17
165
1740
2253

1
7
21
292
3104

1
5
30
418
4265

1
1
15
177
2106
4040

1
4
39
459
6144

1
9
73
747

1
7
41
412
3751

1
7
71
589
6282

1
7
79
607
6871

1
4
21
215
2723

1

1

1
1
7
48
318
588
3008
21284

1

1
1
12
113
1101
2089
12631

1
1
13
72
313
567
2020

1
2
28
171
589
1095

1
1
15
126
877
1631

1
1
13
123
1236
2349

1
1
10
73
607
1556
7278

1
5
36
239
1090

1
6
19
80
409
837
4328

1
4
24
195
928
1812

1
2
12
97
330
1027
3317

1
2
19
232
1179
2325
11777

1
4
21
286
3716

1
5
39
804
2149

1
9
33
285
2388

1
8
81
792
7344

1
6
42
741
5077

1
7
103
1563

1
6
48
801

1
9
49
771

1
10
64
990

1
11
75
1497

1
10
73
828
5500

1
10
75
1344

1
12
79
1247

1
10
157
3038

1
9
69
923
11965

1
9
111
1288

1
6
72
1126

1
7
29
390
3949

1
6
23
167
3074

1
4
57
584
5856

1
2
22
255
2535
2459

1
3
19
190
1980
2416

1
1
8
105
1426
2749
9170

1
1
5
54
651
1484
3195

1
1
7
60
522
1020
2290

1
2
10
93
573
999
2856

1
1
4
32
299
596
1266
4154

1
1
5
41
365
747
2432

1
1
5
44
431
864
1773
4211

1
5
20
155
951
1083

1
3
11
74
505
732
1988

1
4
15
114
1467
1053
4108

1
7
22
277
2547

1
8
21
122
1787
1798

1
5
20
231
1805
1132
4379

1
3
12
93
528
504
1529
5763

1
5
10
38
213
112
404
1049
2222

1
2
5
34
213
180
1022
1329
3568

1
3
6
15
57
45
63
164
735
1875
2074

1
2
4
10
33
44
59
148
615
1555
2157
5974

1
1
2
6
22
38
131
257
638
1019
2178
6343

1
1
2
8
42
76
124
367
1596
2825
4956

1
1
2
7
22
37
52
153
788
1423
2378
4577

1
1
2
3
4
5
6
7
8
9
10
11
12
13
14
15
16
17
18
19
20
21
22
23
24
25
26
27
28
29

