109
16
15
31
125
157

4
17
15
60
162
331

0
16
15
16
172
351
1083

3
17
22
70
267
588

3
24
10
24
84
186
1098

3
30
25
31
85
213
1254

3
20
13
32
79
240
1232

2
22
15
47
47
439
1448

1
7
9
36
65
209
1292

1
23
10
15
59
526
2517

1
20
10
41
157
212
1708

1
14
14
29
156
175
1196

1
28
13
28
79
318
797

2
7
27
101
563
175
1185

1
1
12
74
487
285
1373

3
6
16
36
137
149
461
1974

3
2
7
45
138
171
314
3495

3
7
15
32
90
178
173
2331

4
4
10
25
95
185
678

2
3
9
39
82
111
419
2061

4

3
3
22
42
74
60
430
1542

1
3
2
6
10
14
29
57
104
190
349
1432

0
6
3
10
24
21
34
82
99
119
291
1167

1
1
2
6
13
15
32
51
79
137
254
922

4

0
4
3
5
9
10
40
65
134
130
464
2408

4
7
8
6
5
24
21
43
207
354

0
0
0
0
15
16
0
15
32
58
188
239
1287

3
4
4
5
3
11
20
18
60
143
1004

1
8
7
9
12
33
29
34
118
591

2
7
13
10
13
42
44
49
153
455

1
5
4
5
19
58
64
75
213
1203

1
4
6
4
21
66
61
77
139
534

1
2
4
3
8
41
41
49
146
288
453

1
5
3
7
14
68
56
66
127
376
552

1
2
4
4
8
30
36
38
53
230
328
715

1
3
5
5
8
47
44
46
93
424
896

1
3
7
8
9
32
43
59
100
271
507

1
5
6
8
19
85
94
107
168
762

0
5
5
6
18
61
71
100
362
923

1
4
5
4
8
59
73
69
128
521
1017

1
2
4
3
16
39
68
90
106
348
517

2
8
9
10
9
25
22
57
817
563

2
7
13
10
8
18
12
33
170
157
286
955

2
8
9
9
9
22
30
32
87
171
505
1207

1
3
2
3
8
14
20
42
265
347
670
2198

1
2
2
3
4
10
19
33
176
193
106
634
2043

1
5
8
4
17
20
17
17
30
109
275
411
1069

0
5
6
7
8
14
39
38
158
185
697
1272

1
8
12
6
10
21
55
50
136
165
705
1154

0
3
4
3
6
17
57
62
208
289
1162
1774

1
9
14
16
38
32
89
103
299
314
1728

1
8
17
13
11
17
31
72
145
277
937

1
6
6
7
11
15
31
30
144
239
1071

1
1
4
4
20
20
105
120
711
1792

1
6
24
18
40
51
190
223
797
799

1
2
6
7
17
36
111
140
675
789

0
5
27
16
28
32
195
193
1465

1
10
40
18
45
140
341
412
2028

1
7
27
21
56
84
409
531
1843

3
10
19
9
71
65
313
341
2350

1
10
26
17
26
120
390
500

1
12
25
13
41
109
598
587

1
11
37
20
35
80
350
375

2
7
19
12
125
72
272
309
1362

0
8
43
23
74
155
921
946

1
14
38
26
139
298
714

1
16
29
19
73
201
938

1
4
12
14
45
128
389
449

1
15
32
21
94
184
1172

1
14
37
14
72
136
657
696

1
6
45
47
414
677

1
17
60
30
305
254
1882

1
19
39
21
127
253
1222

0
7
30
20
136
149
792

1
9
32
26
113
119
415
438
3492

1
5
10
11
53
107
390
421

1
13
16
10
28
83
292
344
1464

1
3
16
22
91
64
184
161
868
3529

1
4
10
10
89
61
198
237
1227

1
10
22
19
42
45
111
137
720
741

0
6
11
10
78
123
212
225
664

1
4
40
35
215
178
546
554

1
10
35
27
153
135
541
594

0
8
29
28
74
75
407
423
3044

1
8
17
15
45
58
187
192
743

1
7
33
21
74
70
220
301
1127

1
1
9
8
55
43
151
147
429
689
2077

1
6
13
20
26
24
60
64
153
205
556
580

1
5
16
13
21
19
34
33
50
61
115
131
235
283
284

1
8
22
15
13
11
11
12
14
15
16
17
17
22
24
26
27
28
28
28
29
29
51
44
39
46

1
7
5
5
11
7
5
7
5
6
5
5
6
5
5
6
7
5
6
7
6
7
7
8
6
8
7
7
9
8

1
3
3
4
4
4
5
8
9
5
3
3
2
2
3
2
2
3
3
3
2
3
2
2
3
2
3
2
2
3

0
1
2
2
2
2
2
3
4
4
4
4
2
1
1
2
1
1
3
2
1
2
1
2
1
2
2
3
2
1

