1
6
12
37
202
454

1
10
22
126
586
1334

1
12
16
81
491
1409
3893

1
14
49
235
1015
2595

1
18
24
78
329
733
4130

1
18
30
87
302
859
4975

1
12
22
94
277
993
4369

1
16
40
160
192
1766
5052

1
14
30
128
240
811
4498

1
12
15
43
201
2165
9434

1
12
21
111
543
804
5902

1
8
14
68
578
721
4153

1
16
25
81
299
1108
2819

1
5
37
307
2009
773
4108

1
3
30
207
1144
966
4423

1
5
18
93
483
617
1801
6956

1
5
25
126
507
714
1237
12524

1
5
14
53
303
791
949
8489

1
3
10
50
305
869
2864

1
2
8
45
263
539
1582
7191

1

1
3
18
69
269
239
1391
5310

1
1
2
6
20
36
94
233
472
915
1681
5333

1
2
4
11
39
69
135
367
478
623
1332
4365

1
1
2
6
22
40
106
230
406
682
1242
3559

1

1
2
4
8
15
32
129
288
574
687
1879
8304

1
5
10
20
22
64
106
204
736
1574

1
2
4
6
8
19
30
55
114
250
742
1288
4741

1
3
6
9
12
32
67
102
251
662
3496

1
5
10
15
27
90
159
225
541
2151

1
6
12
18
38
126
227
325
670
1627

1
10
20
30
72
189
333
476
970
3628

1
9
18
27
70
154
266
377
608
1562

1
5
10
15
29
102
178
254
508
870
1691

1
8
16
24
47
175
256
365
563
1204
2195

1
7
14
21
32
81
147
218
289
684
1266
2645

1
8
17
26
35
103
189
261
413
1312
3013

1
8
17
26
33
96
160
235
415
890
1839

1
11
22
33
55
263
415
594
758
2094

1
11
22
33
68
164
316
469
1147
2999

1
8
16
24
40
153
278
400
556
1540
3577

1
7
14
21
44
102
276
404
433
986
1945

1
6
12
19
32
71
114
236
2386
2282

1
5
10
15
20
44
68
139
542
684
1617
4124

1
6
12
18
29
56
123
184
369
717
1885
5151

1
5
10
15
31
43
67
153
725
1399
2489
6406

1
5
10
15
21
39
59
115
429
660
586
2427
7359

1
4
8
12
27
53
80
111
162
423
1055
1652
4213

1
3
7
11
17
30
105
198
574
883
2399
5269

1
4
8
12
21
48
149
242
445
723
2341
4728

1
3
7
11
18
45
181
309
778
1280
3772
7556

1
7
16
25
56
95
317
508
1161
1367
5771

1
5
18
31
30
63
126
289
564
1313
3411

1
4
8
12
19
36
97
158
466
903
3730

1
3
11
19
49
68
324
578
2272
6517

1
4
19
34
72
152
561
1091
2719
3372

1
4
19
34
59
121
363
652
2342
3358

1
3
23
29
82
123
571
934
4687

1
5
30
55
103
331
968
1958
6648

1
4
29
54
174
278
1182
2145
5999

1
7
20
33
172
189
904
1627
7518

1
7
20
33
86
359
1078
2110

1
9
26
43
129
355
1712
2719

1
8
38
68
116
258
1018
1789

1
6
17
28
368
235
800
1398
4530

1
5
47
89
232
490
2603
4387

1
10
66
122
451
861
2120

1
11
40
69
230
551
2744

1
11
33
55
148
373
1189
2114

1
10
41
76
290
563
3396

1
11
52
59
226
391
1870
3235

1
12
105
210
1163
1569

1
11
72
133
829
732
5024

1
13
34
55
245
647
3270

1
11
45
79
401
447
2278

1
6
33
60
332
313
1161
2040
9979

1
11
33
55
161
327
1197
2029

1
11
26
41
91
237
740
1124
4229

1
5
26
47
177
158
460
762
2662
10360

1
8
29
50
270
186
580
968
3386

1
5
19
33
100
125
326
514
1875
2504

1
8
22
36
103
219
628
1036
2139

1
8
66
124
548
470
1378
2362

1
7
47
87
401
434
1510
2617

1
4
34
64
206
236
1098
1891
8894

1
5
24
43
140
184
543
922
2415

1
5
35
65
233
239
654
1103
2967

1
3
19
35
151
150
406
672
1501
2892
7140

1
3
15
27
69
82
190
300
587
911
2038
3123

1
3
13
23
52
64
120
180
276
310
529
743
1342
1940
2202

1
4
14
24
32
41
61
81
111
111
136
161
184
241
277
309
341
373
405
437
469
501
533
565
597
629

1
3
6
9
12
16
21
26
31
42
55
62
69
76
83
90
97
104
111
118
125
132
139
146
153
160
167
174
181
188

1
2
4
6
8
10
12
14
16
18
20
22
24
26
28
30
32
34
36
38
40
42
44
46
48
50
52
54
56
58

1
1
2
3
4
5
6
7
8
9
10
11
12
13
14
15
16
17
18
19
20
21
22
23
24
25
26
27
28
29

