729
1616
2375
1655
3423
2002
327
2209
3465
2002
310
3663
882
682
4042
2425
533
752
586
649
7483
762
645
2131
1853
1999
1172
747
1214
1297
1301
947
1268
6075
962
7636
2002
2000
1120
1319
824
443
650
3833
2170
1539
2124
701
3588
3495
2635
2129
526
2941
951
1186
990
2030
1737
1890
2068
2508
2649
2691
2322
2831
2943
3169
2001
2002
2001
2000
2002
2002
1529
273
3752
2013
2314
272
3426
341
2488
520
2086
2397
3169
631
937
4334
1686
3832
320
333
5346
361
3071
318
4253
356
3646
330
3670
355
3604
248
1214
1956
2013
1731
1814
1805
5269
2001
1329
1305
986
875
3348
1106
745
2690
1137
613
648
906
1377
2565
800
855
1790
1737
2253
2880
3987
899
2705
1970
1585
1580
2509
1764
1543
3681
3574
2338
1354
896
137
48
9
7
7
9
7
6
6
