101
62
94
472

3
19
33
150
1411

1
11
33
179
2151

1
24
40
115
1475

2
22
70
149

3
16
45
115

3
30
14
280

3
23
15
157
2011

1
12
19
171

2
36
24
134

2
22
24
262

1
30
28
165
3439

2
23
34
131
692

2
26
49
605

1
26
49
200
3766

2
37
55
192

3
32
73
425

1
32
115
604

2
34
56
494

1
33
73
542

1
32
85
397

3
29
55
675

1
13
68
563

1
42
26
304
1758

1
44
15
242
1551

3
49
87
1860

2
45
68
1057

1
41
61
644

3
41
69
1101

1
42
48
1206

1
59
103
1138

1
31
22
893

1
44
82
1141

1
23
38
662
5351

1
48
110
803

1
52
97
424

2
44
103

2
43
122

3
49
92
976

1
57
77
1184

1
45
122
656

3
49
20
371

1
47
77
525

3
51
68
551
3160

1
41
38
2090

1
45
137
1356

1
50
125
1948

1
35
56
609

1
45
117
3425

1
43
157
3294

3
41
121
2470

1
48
153
1927

1
54
20
451

2
56
158
2725

1
48
129
773

2
52
109
1023

1
49
17
923

1
58
155
1816

1
50
121
1565

1
54
82
1753

2
43
117
1906

2
54
123
2329

1
59
122
2467

1
54
111
2525

0
47
143
2132

2
47
166
2616

0
45
162
2736

2
52
138

1
37
119

3
54
115

3
46
109

1
45
106

3
52
130

2
27
142

3
29
142
1355

2
52
219

1
63
199
3489

2
58
186
1767

2
46
208
2058

3
62
207

1
53
270
3102

2
57
282

1
55
283
2149

2
47
23
448

1
52
34
1999

1
22
47
2327

2
50
42
3075

1
57
35
538

2
63
33
839

2
66
267
3999

1
27
29
1629

2
56
253

2
50
268

1
59
273

2
72
287

2
58
301

2
58
129
2882

1
41
276

1
64
276

4
68
284

2
59
235

2
43
285

0
47
297

5
67
283

0
69
224
3311

3
54
191

1
52
34
1127

4
51
32
1869

1
56
31
1925

2
52
30
1647

1
50
33
1730

3
46
31
1725

1
47
44

2
61
25

2
54
25
1248

1
48
20
1236

2
38
14
932

2
55
16
802

1
49
59
3239

0
34
43
1029

1
57
21
666

1
42
37
2610

1
56
28
1052

1
46
21
545

1
41
49
557

1
39
32
834

2
43
11
1321

1
38
27
682
1817

1
52
27
720

1
39
26
789

1
44
14
551
1180

1
40
15
526
1155

2
34
31
672
1514

1
36
21
625
2197

1
43
29
760
3154

1
15
23
860

1
37
22
669
1976

1
31
32
519
1387

1
27
25
268
1264

1
42
36
335
1166

1
33
44
330
2101

0
9
47
269
1439

1
22
31
177
1312

1
17
33
46
55
1004
2525

1
23
33
41
47
1066
2363

1
12
20
37
21
641
956
650

1
11
13
31
19
126
155
197
182
144
190
141
144

1
11
11
31
17
67
37
38
41
42
40
42
44
43
48
45
46
47
46
48
48
48
55

1
6
6
12
2
11
3
4
4
4
4
4
4
5
4
4
5
4
5
4
4
5
4
5
5
3
4
4
3
4

1
5
1
2
1
2
2
2
2
1
3
2
2
2
1
1
1
2
1
1
1
2
1
1
1
2
1
1
2
1

9

7

7

9

7

6

6

