1
34
121
1017

1
28
142
1035
13200

1
28
213
1764
21065

1
32
218
1037
14225

1
32
319
1305

1
34
322
1141

1
50
72
2492

1
46
69
1408
18267

1
42
85
1449

1
46
121
1172

1
50
129
2213

1
46
154
1337
31138

1
40
123
1106
6132

1
40
294
5503

1
38
257
1753
34185

1
42
423
1586

1
50
547
3561

1
64
638
4967

1
66
489
4027

1
68
632
4397

1
58
617
3189

1
66
404
5517

1
68
505
4465

1
74
172
2442
14485

1
62
82
1856
12791

1
76
695
15450

1
74
517
8553

1
72
453
5070

1
78
417
8846

1
80
345
9424

1
88
713
8696

1
88
132
6967

1
86
623
8917

1
98
234
5061
42053

1
86
652
6201

1
84
701
3227

1
82
781

1
90
899

1
86
682
7343

1
84
537
8943

1
76
837
4778

1
76
115
2716

1
82
571
3880

1
74
480
3483
23321

1
78
245
15423

1
88
882
9874

1
90
756
14041

1
98
419
4352

1
94
863
24675

1
92
978
23490

1
90
848
17445

1
92
1042
12923

1
94
139
3127

1
98
1094
18380

1
92
895
5349

1
88
671
6959

1
78
102
4218

1
88
1055
12218

1
90
808
9976

1
94
560
11436

1
92
767
12589

1
94
819
15111

1
96
813
16166

1
98
761
16617

1
94
902
14070

1
96
1090
16465

1
98
1086
17642

1
98
920

1
94
754

1
90
744

1
88
695

1
84
662

1
86
717

1
86
882

1
82
891
8512

1
86
1401

1
90
1212
22241

1
90
1165
10785

1
86
1267
12462

1
78
1246

1
82
1631
18640

1
86
1677

1
84
1727
11729

1
84
117
2590

1
80
184
11829

1
80
248
13658

1
88
241
18029

1
84
179
3132

1
84
171
4898

1
92
1491
23475

1
90
120
6095

1
100
1486

1
94
1562

1
104
1616

1
100
1663

1
102
1700

1
98
671
15987

1
96
1355

1
96
1558

1
98
1628

1
96
1327

1
94
1578

1
94
1737

1
92
1599

1
96
1246
17910

1
98
1064

1
94
185
6164

1
92
171
7933

1
90
164
8184

1
84
161
7024

1
82
175
7544

1
78
169
7686

1
74
232

1
76
141

1
74
128
5183

1
70
109
5477

1
70
85
3810

1
66
76
3240

1
66
317
16452

1
64
206
4517

1
62
86
2618

1
58
188
13091

1
58
115
4694

1
54
97
2112

1
54
235
2209

1
52
148
3661

1
52
53
3844

1
48
119
2907
9754

1
48
122
3191

1
48
123
3555

1
48
72
2285
6464

1
44
73
2235
6526

1
42
138
3088
8798

1
42
97
2805
11607

1
42
125
3466
17038

1
44
134
3979

1
38
97
3123
10758

1
34
111
2408
7795

1
30
88
1159
6715

1
32
93
1496
6148

1
26
126
1642
11192

1
22
108
1265
7805

1
22
108
824
6887

1
16
80
160
342
5621
15399

1
14
62
151
298
5960
14690

1
12
46
115
147
3762
6302
3451

1
10
17
76
124
783
1105
1337
2264
2108
2606
3104
3602

1
10
18
78
110
524
467
605
751
897
1043
1189
1335
1481
1627
1773
1919
2065
2211
2357
2503
2649
2795

1
6
11
24
20
78
47
56
65
74
83
92
101
110
119
128
137
146
155
164
173
182
191
200
209
218
227
236
245
254

1
4
4
6
8
10
12
14
16
18
20
22
24
26
28
30
32
34
36
38
40
42
44
46
48
50
52
54
56
58

1

1

1

1

1

1

1

