15
47
0
43
109
157
481

5
17
22
48
158
335

3
20
15
45
188
414

2
11
9
21
73
231
885

1
14
5
13
43
94
727
3021

5
16
5
27
76
105
998

2
1
2
5
13
15
13
43
71
64
64
161
554

0
3
7
22
24
22
31
56
150
172
305
819

1
0
6
5
17
30
59
96
352
405
2532

3
1
8
19
33
35
91
308
1628

3
4
13
18
178
154
495
3736

1
2
15
21
78
30
132

0
5
25
22
162
106
860

3
24
70
62
295

2
6
72
184
1411

4
11
69
113
794

2
14
52
38
181
49
186
3756

2
2
50
33
309
174
1307

0
0
31
16
234
31
130
1489

0
5
40
31
305
221
1490

1
3
24
21
218
275
1763

1
7
40
20
262
246
1776

3
6
26
73
437
79
556

4
10
24
20
118
43
328
1462

3
9
15
22
141
52
341
2458

2
3
25
17
104
29
126
886

3
7
25
20
57
27
92
570

3
2
25
18
90
98
670
689

0
4
9
11
47
91
480
480

1
8
35
20
125
41
177
200
736

1
9
38
25
74
28
86
173
528

1
2
7
7
7
20
37
122
513
533

1
6
12
13
20
15
29
28
120
388
1178

0
5
6
13
17
18
22
18
75
197
512
573

1
5
14
13
8
13
32
38
155
310
1117

1
3
7
8
8
10
25
19
74
182
514
566
2313

1
1
5
5
24
18
54
71
351
353
1046

1
5
28
15
26
50
239
293
2202

1
1
7
15
36
25
171
179
1184

0
3
9
8
10
32
84
109
584
761

4
9
23
19
19
70
279
305
1940

1
5
18
18
75
94
668
754

1
1
21
23
56
136
1052
1184

1
2
20
21
30
78
459
520

2
7
16
11
38
79
569
518

1
9
53
27
35
102
564
741

1
11
38
22
44
111
606
807

1
10
50
31
53
121
660
796

2
23
80
68
93
209
1059

5
13
39
37
40
141
912

2
12
66
49
46
149
989

1
16
60
46
38
176
935

1
8
19
15
35
133
587
775

1
16
36
19
58
226
1783

1
16
26
15
88
334
2670

1
19
39
24
72
275
1327

2
14
72
46
92
221
1058

1
18
56
29
49
179
800

1
21
32
18
48
186
730

1
16
31
26
61
257
1948

1
20
53
30
56
271
1564

0
20
25
18
59
310
1786

2
17
54
44
61
152
718

1
15
25
18
37
173
834
891

1
17
40
25
47
186
728
792

1
15
38
19
87
276
1562

1
14
48
24
90
261
1343

1
16
62
25
160
227
1252

1
14
55
32
40
111
383
380
2306

1
15
68
45
224
116
434
428

1
16
49
36
178
104
401
426

1
7
28
30
254
103
364
390

1
17
45
32
280
122
483
529

1
16
46
35
241
83
292
319
2045

1
19
43
29
212
96
440
469

1
15
34
17
16
76
317
321
2422

1
15
30
17
70
44
122
131
598
4734

1
2
22
14
38
27
85
98
466
1306

1
7
13
7
15
17
28
29
59
132
168
174
215
208

0
2
4
4
4
5
13
13
5
7
5
4
4
4
3
4
3
3
4
4
5
3
5
4
4
4
4
5
4
5

130

9

