1
6
12
37
202
438
1749

1
10
22
130
599
1495

1
12
28
144
654
1817

1
14
19
55
279
992
3579

1
8
11
29
161
405
2666
10950

1
8
12
42
219
375
3585

1
1
5
12
24
37
50
99
218
283
390
697
2052

1
2
10
33
79
99
154
276
643
913
1546
3533

1
2
13
24
72
125
255
462
1377
2017
9133

1
1
8
18
74
144
367
1148
5692

1
3
17
42
576
683
1685
13214

1
6
47
92
305
122
433

1
6
52
98
545
367
2580

1
13
127
247
1056

1
10
172
670
4729

1
9
154
447
2647

1
7
81
159
637
187
639
11264

1
6
83
160
919
619
3940

1
5
26
49
797
128
419
4526

1
5
78
151
1009
796
3613

1
5
44
83
713
962
5462

1
5
39
73
839
866
5458

1
4
47
180
1327
313
1693

1
6
31
58
395
154
1003
4372

1
6
22
54
459
185
1021
7365

1
6
40
77
352
118
400
2681

1
5
36
67
184
103
317
1757

1
4
27
50
249
350
1830
3310

1
5
20
35
129
255
1334
2346

1
6
36
66
410
157
583
1010
2759

1
6
40
82
274
115
299
637
1827

1
5
22
35
33
66
149
431
1577
2733

1
4
12
20
45
46
105
164
453
1513
4218

1
3
7
11
16
29
65
101
288
803
1921
3048

1
2
8
14
20
32
89
146
517
1275
3997

1
2
7
12
13
27
62
97
283
717
1873
3044
8599

1
3
11
19
54
62
176
310
1046
1465
3777

1
4
20
36
68
181
728
1464
7005

1
3
12
21
50
101
492
882
3792

1
2
7
12
22
73
265
504
1935
2718

1
6
37
68
73
223
872
1490
6380

1
3
19
35
176
338
1982
3571

1
4
52
100
181
458
3014
5522

1
5
43
77
97
261
1353
2480

1
5
16
27
84
250
1650
2430

1
7
65
123
116
330
1674
3526

1
6
44
86
135
370
1763
3842

1
7
72
143
167
407
1921
3769

1
11
154
297
285
670
3035

1
9
68
141
135
436
2535

1
9
93
223
157
463
2745

1
12
97
216
131
475
2617

1
12
39
66
122
412
1693
3552

1
12
63
90
189
679
4817

1
14
41
68
270
990
7131

1
13
49
85
190
800
3611

1
10
118
210
275
661
2970

1
12
88
136
162
530
2246

1
15
38
61
155
546
2109

1
13
42
71
192
734
5098

1
14
74
138
172
755
4215

1
14
38
62
190
806
4690

1
11
102
193
195
445
2000

1
10
35
60
127
502
2269
4016

1
11
55
99
152
528
1968
3561

1
10
50
90
267
769
4254

1
10
56
102
282
705
3564

1
11
62
113
456
673
3419

1
10
74
138
130
343
1142
1800
7353

1
11
105
199
715
369
1236
2029

1
11
70
129
500
328
1181
1960

1
11
73
135
731
313
1040
1759

1
12
79
142
785
364
1387
2352

1
11
67
123
641
254
862
1488
5910

1
12
69
126
581
288
1256
2202

1
10
29
48
66
226
866
1506
7082

1
9
34
59
207
141
378
615
1920
17006

1
6
22
38
113
106
282
459
1577
5533

1
4
12
20
43
59
113
167
275
769
1106
1414
1839
2023

1
1
3
5
7
9
13
17
21
25
29
33
37
41
45
49
53
57
61
65
69
73
77
81
85
89
93
97
101
105

1

1

