1
7
32
246
469

1
8
46
168
1207
7407

1
8
58
516
1146
10713

1
14
110
596
3204

1
17
146
1327
10939

1
12
82
994
1968
10225

1
10
115
1768
2314
24777

1
14
121
2798
4495

1
14
81
814
2521
21670

1
16
61
599
4953
27778

1
19
76
1276
10692

1
17
81
1245
13162

1
21
84
1728
8407

1
21
100
1556
7378

1
22
101
1174
7200

1
20
66
250
8179

1
19
78
1264
3815
48074

1
19
172
4557
7757

1
18
146
2583
19110

1
17
121
1498
6373

1
24
206
3210
11169

1
22
145
1488
6232

1
19
86
449
4596
87308

1
18
91
1017
5863

1
18
85
1458
10246

1
19
94
1317
4434

1
18
147
2612
22779

1
17
132
2056
20397

1
16
113
1644
8626

1
14
92
401
7222

1
13
41
306
7044
18499

1
15
116
1400
13715

1
18
80
594
13014

1
18
88
675
11530

1
18
99
790
9787

1
17
141
1979
14237

1
17
134
1290
11139

1
19
100
855
4992

1
18
107
1085
6405

1
15
63
540
4210
12000

1
18
100
1384
11330

1
12
62
455
2331
11515

1
12
43
170
1486
9468

1
14
78
471
4680
4634

1
10
61
359
1456
2154
29265

1
10
36
153
395
1859
9832

1
8
63
385
330
1363
6881
57766

1
8
52
298
213
929
6012
35147

1
5
21
72
96
316
1192
4372
15701

1
4
17
65
106
216
456
1950
5799
8921

1
2
11
39
64
127
185
350
513
675
812
945
1078
1211
1344
1477
1610
1743
1876
2009
2142
2275
2408
2541
2674
2807
2940
3073
3206

1
3
10
15
22
36
45
54
63
72
81
90
99
108
117
126
135
144
153
162
171
180
189
198
207
216
225
234
243
252

1

1

